# OBJECT   = SN2011fe                       / object name
# RA       = 14:03:05.73                    / object right ascension
# DEC      = 54:16:25.18                    / object declination
# EQUINOX  = 2000.0                         / 
# RADECSYS = FK5                            / coordinate system
# EXPTIME  = 500                            / exposure time [s]
# FLXUNITS = erg/s/cm2/A                    / flux units
# FLXERROR = 0.031                          / achromatic abs. flux calibration accuracy [mag]
# MWEBV    = 0.0088                         / MW E(B-V) correction applied
# MWRV     = 3.1                            / R_V value used for MW E(B-V) correction
# UTC      = 2011-09-10T05:29:01            / 
# MJD      = 55814.2                        / 
# TXPL     = 17.5                           / days relative to date of explosion
# TMAX     = -0.3                           / phase, days relative to B-band maximum
# AIRMASS  = 1.94                           / 
# SEEING   = 0.99                           / 
# ISPHOTO  = 1                              / photometric night?
# ORIGIN   = The Nearby Supernova Factory   / 
# OBSERVAT = University of Hawaii 2.2m      / 
# TELESCOP = 2.2m UH                        / 
# INSTRUME = SNIFS                          / 
#
# lbda  flux         variance    
3298.68 4.693441e-13
3301.06 4.585217e-13
3303.44 4.559121e-13
3305.82 4.602340e-13
3308.20 4.647915e-13
3310.58 4.579868e-13
3312.96 4.601845e-13
3315.34 4.702230e-13
3317.72 4.750248e-13
3320.10 4.756595e-13
3322.48 4.833705e-13
3324.86 4.960848e-13
3327.24 5.082461e-13
3329.62 5.222612e-13
3332.00 5.374995e-13
3334.38 5.481315e-13
3336.76 5.543805e-13
3339.14 5.671933e-13
3341.52 5.746945e-13
3343.90 5.806779e-13
3346.28 5.809837e-13
3348.66 5.804686e-13
3351.04 5.783407e-13
3353.42 5.732421e-13
3355.80 5.698574e-13
3358.18 5.683929e-13
3360.56 5.615976e-13
3362.94 5.599866e-13
3365.32 5.522670e-13
3367.70 5.488667e-13
3370.08 5.435019e-13
3372.46 5.381290e-13
3374.84 5.336403e-13
3377.22 5.387895e-13
3379.60 5.346789e-13
3381.98 5.336286e-13
3384.36 5.300895e-13
3386.74 5.332358e-13
3389.12 5.401201e-13
3391.50 5.467992e-13
3393.88 5.581313e-13
3396.26 5.662833e-13
3398.64 5.665858e-13
3401.02 5.687885e-13
3403.40 5.722526e-13
3405.78 5.779850e-13
3408.16 5.791957e-13
3410.54 5.847787e-13
3412.92 5.855199e-13
3415.30 5.825791e-13
3417.68 5.816904e-13
3420.06 5.804928e-13
3422.44 5.809132e-13
3424.82 5.809055e-13
3427.20 5.828403e-13
3429.58 5.821209e-13
3431.96 5.881234e-13
3434.34 5.942661e-13
3436.72 6.011117e-13
3439.10 6.108127e-13
3441.48 6.179186e-13
3443.86 6.251218e-13
3446.24 6.312241e-13
3448.62 6.383073e-13
3451.00 6.437396e-13
3453.38 6.507742e-13
3455.76 6.558664e-13
3458.14 6.557329e-13
3460.52 6.537632e-13
3462.90 6.528719e-13
3465.28 6.543086e-13
3467.66 6.516392e-13
3470.04 6.504239e-13
3472.42 6.488984e-13
3474.80 6.477714e-13
3477.18 6.491189e-13
3479.56 6.488963e-13
3481.94 6.505111e-13
3484.32 6.558124e-13
3486.70 6.610905e-13
3489.08 6.657902e-13
3491.46 6.713875e-13
3493.84 6.788826e-13
3496.22 6.865365e-13
3498.60 6.971938e-13
3500.98 7.031163e-13
3503.36 7.122138e-13
3505.74 7.239747e-13
3508.12 7.340049e-13
3510.50 7.409673e-13
3512.88 7.477342e-13
3515.26 7.493073e-13
3517.64 7.523562e-13
3520.02 7.575084e-13
3522.40 7.655061e-13
3524.78 7.674840e-13
3527.16 7.704049e-13
3529.54 7.715952e-13
3531.92 7.731243e-13
3534.30 7.765760e-13
3536.68 7.815015e-13
3539.06 7.879485e-13
3541.44 7.939165e-13
3543.82 8.000641e-13
3546.20 8.038647e-13
3548.58 8.092372e-13
3550.96 8.151577e-13
3553.34 8.196355e-13
3555.72 8.243313e-13
3558.10 8.284182e-13
3560.48 8.301320e-13
3562.86 8.306353e-13
3565.24 8.361633e-13
3567.62 8.409305e-13
3570.00 8.428498e-13
3572.38 8.456518e-13
3574.76 8.497324e-13
3577.14 8.581735e-13
3579.52 8.668027e-13
3581.90 8.718049e-13
3584.28 8.764926e-13
3586.66 8.774574e-13
3589.04 8.761692e-13
3591.42 8.739699e-13
3593.80 8.711080e-13
3596.18 8.655288e-13
3598.56 8.582509e-13
3600.94 8.466249e-13
3603.32 8.389475e-13
3605.70 8.334572e-13
3608.08 8.274008e-13
3610.46 8.226556e-13
3612.84 8.195234e-13
3615.22 8.168978e-13
3617.60 8.167288e-13
3619.98 8.193970e-13
3622.36 8.258042e-13
3624.74 8.362560e-13
3627.12 8.426054e-13
3629.50 8.481522e-13
3631.88 8.524385e-13
3634.26 8.554113e-13
3636.64 8.560936e-13
3639.02 8.536720e-13
3641.40 8.494510e-13
3643.78 8.455284e-13
3646.16 8.422939e-13
3648.54 8.359463e-13
3650.92 8.322381e-13
3653.30 8.284270e-13
3655.68 8.240615e-13
3658.06 8.219665e-13
3660.44 8.210584e-13
3662.82 8.200262e-13
3665.20 8.163586e-13
3667.58 8.114616e-13
3669.96 8.043476e-13
3672.34 7.962834e-13
3674.72 7.854857e-13
3677.10 7.703915e-13
3679.48 7.516694e-13
3681.86 7.301701e-13
3684.24 7.108017e-13
3686.62 6.914569e-13
3689.00 6.730570e-13
3691.38 6.524499e-13
3693.76 6.313747e-13
3696.14 6.085583e-13
3698.52 5.880269e-13
3700.90 5.684601e-13
3703.28 5.531236e-13
3705.66 5.409819e-13
3708.04 5.280235e-13
3710.42 5.166946e-13
3712.80 5.053164e-13
3715.18 4.945081e-13
3717.56 4.822072e-13
3719.94 4.704882e-13
3722.32 4.599923e-13
3724.70 4.502795e-13
3727.08 4.420162e-13
3729.46 4.339447e-13
3731.84 4.277473e-13
3734.22 4.253348e-13
3736.60 4.259290e-13
3738.98 4.301593e-13
3741.36 4.351094e-13
3743.74 4.424850e-13
3746.12 4.498767e-13
3748.50 4.559918e-13
3750.88 4.589318e-13
3753.26 4.591009e-13
3755.64 4.569345e-13
3758.02 4.578178e-13
3760.40 4.612523e-13
3762.78 4.617983e-13
3765.16 4.608495e-13
3767.54 4.596619e-13
3769.92 4.584298e-13
3772.30 4.570017e-13
3774.68 4.548778e-13
3777.06 4.513256e-13
3779.44 4.490744e-13
3781.82 4.462100e-13
3784.20 4.434007e-13
3786.58 4.400021e-13
3788.96 4.368485e-13
3791.34 4.319684e-13
3793.72 4.297837e-13
3796.10 4.281919e-13
3798.48 4.279795e-13
3800.86 4.275546e-13
3803.24 4.271452e-13
3805.62 4.260449e-13
3808.00 4.261342e-13
3810.38 4.285685e-13
3812.76 4.326038e-13
3815.14 4.390401e-13
3817.52 4.463966e-13
3819.90 4.516505e-13
3822.28 4.572967e-13
3824.66 4.645645e-13
3827.04 4.721478e-13
3829.42 4.815739e-13
3831.80 4.922704e-13
3834.18 5.028462e-13
3836.56 5.131047e-13
3838.94 5.252539e-13
3841.32 5.393933e-13
3843.70 5.560451e-13
3846.08 5.716325e-13
3848.46 5.881944e-13
3850.84 6.044230e-13
3853.22 6.241098e-13
3855.60 6.467536e-13
3857.98 6.691504e-13
3860.36 6.929827e-13
3862.74 7.179837e-13
3865.12 7.396296e-13
3867.50 7.618988e-13
3869.88 7.817935e-13
3872.26 7.996294e-13
3874.64 8.159372e-13
3877.02 8.334249e-13
3879.40 8.517079e-13
3881.78 8.654646e-13
3884.16 8.786108e-13
3886.54 8.895928e-13
3888.92 9.011949e-13
3891.30 9.150561e-13
3893.68 9.284847e-13
3896.06 9.396059e-13
3898.44 9.476960e-13
3900.82 9.550538e-13
3903.20 9.598113e-13
3905.58 9.641376e-13
3907.96 9.714229e-13
3910.34 9.784168e-13
3912.72 9.835587e-13
3915.10 9.885779e-13
3917.48 9.947644e-13
3919.86 9.989365e-13
3922.24 1.005958e-12
3924.62 1.011184e-12
3927.00 1.021454e-12
3929.38 1.024149e-12
3931.76 1.013742e-12
3934.14 1.004956e-12
3936.52 1.018658e-12
3938.90 1.046590e-12
3941.28 1.068489e-12
3943.66 1.076898e-12
3946.04 1.078148e-12
3948.42 1.077244e-12
3950.80 1.073937e-12
3953.18 1.071038e-12
3955.56 1.065051e-12
3957.94 1.055573e-12
3960.32 1.042477e-12
3962.70 1.026300e-12
3965.08 1.008429e-12
3967.46 9.865995e-13
3969.84 9.687010e-13
3972.22 9.652540e-13
3974.60 9.627591e-13
3976.98 9.548711e-13
3979.36 9.414001e-13
3981.74 9.269934e-13
3984.12 9.131030e-13
3986.50 8.982143e-13
3988.88 8.853332e-13
3991.26 8.741832e-13
3993.64 8.647303e-13
3996.02 8.530354e-13
3998.40 8.432844e-13
4000.78 8.340401e-13
4003.16 8.247100e-13
4005.54 8.144707e-13
4007.92 8.096723e-13
4010.30 8.095962e-13
4012.68 8.156445e-13
4015.06 8.259313e-13
4017.44 8.354857e-13
4019.82 8.483777e-13
4022.20 8.598001e-13
4024.58 8.686794e-13
4026.96 8.764315e-13
4029.34 8.833299e-13
4031.72 8.897549e-13
4034.10 8.969044e-13
4036.48 9.055608e-13
4038.86 9.109532e-13
4041.24 9.175078e-13
4043.62 9.238775e-13
4046.00 9.278981e-13
4048.38 9.357232e-13
4050.76 9.401674e-13
4053.14 9.461095e-13
4055.52 9.518484e-13
4057.90 9.575943e-13
4060.28 9.650558e-13
4062.66 9.703621e-13
4065.04 9.769461e-13
4067.42 9.840579e-13
4069.80 9.921388e-13
4072.18 1.000101e-12
4074.56 1.008215e-12
4076.94 1.012952e-12
4079.32 1.018605e-12
4081.70 1.023578e-12
4084.08 1.025584e-12
4086.46 1.025479e-12
4088.84 1.026042e-12
4091.22 1.022539e-12
4093.60 1.018362e-12
4095.98 1.012480e-12
4098.36 1.008647e-12
4100.74 1.004956e-12
4103.12 1.002248e-12
4105.50 1.000372e-12
4107.88 9.985752e-13
4110.26 9.993277e-13
4112.64 9.985765e-13
4115.02 9.995738e-13
4117.40 9.982958e-13
4119.78 9.923798e-13
4122.16 9.854889e-13
4124.54 9.733663e-13
4126.92 9.605181e-13
4129.30 9.495976e-13
4131.68 9.374299e-13
4134.06 9.284826e-13
4136.44 9.225193e-13
4138.82 9.163970e-13
4141.20 9.123653e-13
4143.58 9.085569e-13
4145.96 9.053196e-13
4148.34 9.041706e-13
4150.72 9.023558e-13
4153.10 8.994857e-13
4155.48 8.927141e-13
4157.86 8.867304e-13
4160.24 8.798989e-13
4162.62 8.734437e-13
4165.00 8.694633e-13
4167.38 8.664798e-13
4169.76 8.608917e-13
4172.14 8.600854e-13
4174.52 8.579177e-13
4176.90 8.572198e-13
4179.28 8.570311e-13
4181.66 8.568286e-13
4184.04 8.532844e-13
4186.42 8.495598e-13
4188.80 8.461047e-13
4191.18 8.395463e-13
4193.56 8.301441e-13
4195.94 8.245833e-13
4198.32 8.183972e-13
4200.70 8.098302e-13
4203.08 8.008694e-13
4205.46 7.912894e-13
4207.84 7.811804e-13
4210.22 7.715271e-13
4212.60 7.618826e-13
4214.98 7.529631e-13
4217.36 7.431850e-13
4219.74 7.351286e-13
4222.12 7.266919e-13
4224.50 7.192504e-13
4226.88 7.119865e-13
4229.26 7.049526e-13
4231.64 6.984741e-13
4234.02 6.899503e-13
4236.40 6.821722e-13
4238.78 6.754842e-13
4241.16 6.699768e-13
4243.54 6.650738e-13
4245.92 6.591163e-13
4248.30 6.540912e-13
4250.68 6.477760e-13
4253.06 6.455825e-13
4255.44 6.382713e-13
4257.82 6.328697e-13
4260.20 6.266266e-13
4262.58 6.211042e-13
4264.96 6.155733e-13
4267.34 6.094732e-13
4269.72 6.039075e-13
4272.10 5.964380e-13
4274.48 5.882409e-13
4276.86 5.803462e-13
4279.24 5.732743e-13
4281.62 5.658952e-13
4284.00 5.586905e-13
4286.38 5.524080e-13
4288.76 5.447838e-13
4291.14 5.388518e-13
4293.52 5.319366e-13
4295.90 5.281056e-13
4298.28 5.222228e-13
4300.66 5.162667e-13
4303.04 5.131958e-13
4305.42 5.118352e-13
4307.80 5.099238e-13
4310.18 5.114892e-13
4312.56 5.125028e-13
4314.94 5.112801e-13
4317.32 5.136012e-13
4319.70 5.156299e-13
4322.08 5.173158e-13
4324.46 5.207761e-13
4326.84 5.231127e-13
4329.22 5.258901e-13
4331.60 5.312788e-13
4333.98 5.376426e-13
4336.36 5.437292e-13
4338.74 5.484125e-13
4341.12 5.528329e-13
4343.50 5.593008e-13
4345.88 5.643575e-13
4348.26 5.682244e-13
4350.64 5.763816e-13
4353.02 5.832369e-13
4355.40 5.921327e-13
4357.78 6.000342e-13
4360.16 6.059851e-13
4362.54 6.108507e-13
4364.92 6.155838e-13
4367.30 6.204380e-13
4369.68 6.252634e-13
4372.06 6.272607e-13
4374.44 6.309272e-13
4376.82 6.329925e-13
4379.20 6.337217e-13
4381.58 6.367967e-13
4383.96 6.372762e-13
4386.34 6.387629e-13
4388.72 6.406943e-13
4391.10 6.415984e-13
4393.48 6.417505e-13
4395.86 6.429595e-13
4398.24 6.406959e-13
4400.62 6.356057e-13
4403.00 6.303665e-13
4405.38 6.238428e-13
4407.76 6.177574e-13
4410.14 6.104766e-13
4412.52 6.028992e-13
4414.90 5.981824e-13
4417.28 5.914766e-13
4419.66 5.853949e-13
4422.04 5.796373e-13
4424.42 5.736035e-13
4426.80 5.685820e-13
4429.18 5.637663e-13
4431.56 5.600205e-13
4433.94 5.574129e-13
4436.32 5.567510e-13
4438.70 5.588014e-13
4441.08 5.617290e-13
4443.46 5.631622e-13
4445.84 5.649238e-13
4448.22 5.702330e-13
4450.60 5.768647e-13
4452.98 5.855387e-13
4455.36 5.932951e-13
4457.74 6.033886e-13
4460.12 6.131515e-13
4462.50 6.237370e-13
4464.88 6.334413e-13
4467.26 6.421850e-13
4469.64 6.498531e-13
4472.02 6.586907e-13
4474.40 6.671415e-13
4476.78 6.726576e-13
4479.16 6.775029e-13
4481.54 6.817200e-13
4483.92 6.874882e-13
4486.30 6.937006e-13
4488.68 6.985875e-13
4491.06 7.006109e-13
4493.44 7.022113e-13
4495.82 7.051163e-13
4498.20 7.071205e-13
4500.58 7.081162e-13
4502.96 7.106055e-13
4505.34 7.118230e-13
4507.72 7.140376e-13
4510.10 7.183235e-13
4512.48 7.212483e-13
4514.86 7.234787e-13
4517.24 7.257720e-13
4519.62 7.260991e-13
4522.00 7.267560e-13
4524.38 7.263749e-13
4526.76 7.271048e-13
4529.14 7.266237e-13
4531.52 7.247459e-13
4533.90 7.220113e-13
4536.28 7.187523e-13
4538.66 7.154764e-13
4541.04 7.122007e-13
4543.42 7.093663e-13
4545.80 7.061069e-13
4548.18 7.038441e-13
4550.56 7.015447e-13
4552.94 6.989467e-13
4555.32 6.964909e-13
4557.70 6.957405e-13
4560.08 6.942091e-13
4562.46 6.946840e-13
4564.84 6.963067e-13
4567.22 6.954345e-13
4569.60 6.944723e-13
4571.98 6.939379e-13
4574.36 6.934948e-13
4576.74 6.929504e-13
4579.12 6.923158e-13
4581.50 6.911154e-13
4583.88 6.889255e-13
4586.26 6.888858e-13
4588.64 6.889678e-13
4591.02 6.897802e-13
4593.40 6.890482e-13
4595.78 6.894266e-13
4598.16 6.901852e-13
4600.54 6.914933e-13
4602.92 6.925365e-13
4605.30 6.919749e-13
4607.68 6.903866e-13
4610.06 6.897376e-13
4612.44 6.873334e-13
4614.82 6.860079e-13
4617.20 6.825748e-13
4619.58 6.794073e-13
4621.96 6.749387e-13
4624.34 6.700983e-13
4626.72 6.648019e-13
4629.10 6.586504e-13
4631.48 6.498527e-13
4633.86 6.453242e-13
4636.24 6.371582e-13
4638.62 6.287212e-13
4641.00 6.209986e-13
4643.38 6.114877e-13
4645.76 6.043628e-13
4648.14 5.948522e-13
4650.52 5.842766e-13
4652.90 5.774871e-13
4655.28 5.709236e-13
4657.66 5.647980e-13
4660.04 5.571674e-13
4662.42 5.506389e-13
4664.80 5.432996e-13
4667.18 5.359351e-13
4669.56 5.314424e-13
4671.94 5.310042e-13
4674.32 5.261668e-13
4676.70 5.253531e-13
4679.08 5.237908e-13
4681.46 5.262455e-13
4683.84 5.268726e-13
4686.22 5.277189e-13
4688.60 5.293524e-13
4690.98 5.289751e-13
4693.36 5.318828e-13
4695.74 5.318250e-13
4698.12 5.354020e-13
4700.50 5.345744e-13
4702.88 5.343759e-13
4705.26 5.354762e-13
4707.64 5.320689e-13
4710.02 5.316469e-13
4712.40 5.305471e-13
4714.78 5.289598e-13
4717.16 5.265403e-13
4719.54 5.215242e-13
4721.92 5.172782e-13
4724.30 5.121710e-13
4726.68 5.075015e-13
4729.06 5.037221e-13
4731.44 4.977475e-13
4733.82 4.941816e-13
4736.20 4.890097e-13
4738.58 4.843311e-13
4740.96 4.805718e-13
4743.34 4.770799e-13
4745.72 4.717504e-13
4748.10 4.670163e-13
4750.48 4.633498e-13
4752.86 4.605639e-13
4755.24 4.563853e-13
4757.62 4.522338e-13
4760.00 4.499895e-13
4762.38 4.493679e-13
4764.76 4.490161e-13
4767.14 4.494562e-13
4769.52 4.507017e-13
4771.90 4.506800e-13
4774.28 4.531019e-13
4776.66 4.550903e-13
4779.04 4.587171e-13
4781.42 4.629168e-13
4783.80 4.656517e-13
4786.18 4.675577e-13
4788.56 4.700211e-13
4790.94 4.718016e-13
4793.32 4.728744e-13
4795.70 4.721727e-13
4798.08 4.708586e-13
4800.46 4.699972e-13
4802.84 4.693548e-13
4805.22 4.678150e-13
4807.60 4.643167e-13
4809.98 4.606018e-13
4812.36 4.564966e-13
4814.74 4.513428e-13
4817.12 4.444866e-13
4819.50 4.378101e-13
4821.88 4.326893e-13
4824.26 4.274353e-13
4826.64 4.220902e-13
4829.02 4.171524e-13
4831.40 4.129490e-13
4833.78 4.073252e-13
4836.16 4.015739e-13
4838.54 3.957331e-13
4840.92 3.893130e-13
4843.30 3.823245e-13
4845.68 3.750452e-13
4848.06 3.693865e-13
4850.44 3.631610e-13
4852.82 3.569860e-13
4855.20 3.522395e-13
4857.58 3.479695e-13
4859.96 3.448061e-13
4862.34 3.422988e-13
4864.72 3.402018e-13
4867.10 3.393493e-13
4869.48 3.385706e-13
4871.86 3.378567e-13
4874.24 3.386118e-13
4876.62 3.395916e-13
4879.00 3.409730e-13
4881.38 3.426720e-13
4883.76 3.454313e-13
4886.14 3.484364e-13
4888.52 3.514186e-13
4890.90 3.553848e-13
4893.28 3.602248e-13
4895.66 3.637063e-13
4898.04 3.682141e-13
4900.42 3.721810e-13
4902.80 3.750861e-13
4905.18 3.786524e-13
4907.56 3.815571e-13
4909.94 3.850103e-13
4912.32 3.869707e-13
4914.70 3.881984e-13
4917.08 3.896208e-13
4919.46 3.900642e-13
4921.84 3.927272e-13
4924.22 3.937543e-13
4926.60 3.949727e-13
4928.98 3.962837e-13
4931.36 3.966810e-13
4933.74 3.991652e-13
4936.12 4.008411e-13
4938.50 3.999194e-13
4940.88 3.986880e-13
4943.26 3.997596e-13
4945.64 3.999521e-13
4948.02 3.978987e-13
4950.40 3.972132e-13
4952.78 3.956416e-13
4955.16 3.940520e-13
4957.54 3.924523e-13
4959.92 3.889372e-13
4962.30 3.858032e-13
4964.68 3.819307e-13
4967.06 3.812312e-13
4969.44 3.812173e-13
4971.82 3.807336e-13
4974.20 3.809283e-13
4976.58 3.830909e-13
4978.96 3.824223e-13
4981.34 3.829355e-13
4983.72 3.814492e-13
4986.10 3.827287e-13
4988.48 3.821703e-13
4990.86 3.799262e-13
4993.24 3.817521e-13
4995.62 3.824475e-13
4998.00 3.837964e-13
5000.38 3.838917e-13
5002.76 3.853841e-13
5005.14 3.868738e-13
5007.52 3.890294e-13
5009.90 3.907743e-13
5012.28 3.935893e-13
5014.66 3.944860e-13
5017.04 3.967249e-13
5019.42 3.971924e-13
5021.80 3.978706e-13
5024.18 3.999032e-13
5026.56 3.998104e-13
5028.94 4.005322e-13
5031.32 4.025895e-13
5033.70 4.045269e-13
5036.08 4.057452e-13
5038.46 4.077172e-13
5040.84 4.092265e-13
5043.22 4.101382e-13
5045.60 4.137692e-13
5047.98 4.168081e-13
5050.36 4.204247e-13
5052.74 4.248641e-13
5055.12 4.287596e-13
5057.50 4.316157e-13
5059.88 4.359458e-13
5062.26 4.382746e-13
5064.64 4.408686e-13
5067.02 4.427230e-13
5069.40 4.458720e-13
5071.78 4.486618e-13
5074.16 4.500488e-13
5076.54 4.521330e-13
5078.92 4.553948e-13
5081.30 4.599251e-13
5083.68 4.649631e-13
5086.06 4.683257e-13
5088.44 4.703011e-13
5090.82 4.724552e-13
5093.20 4.767464e-13
5095.58 4.809883e-13
5097.96 4.863944e-13
5100.34 4.884291e-13
5102.72 4.923164e-13
5105.10 4.963069e-13
5107.48 4.990540e-13
5109.86 5.027664e-13
5112.24 5.056744e-13
5114.62 5.069909e-13
5117.00 5.087298e-13
5119.38 5.098591e-13
5121.76 5.086576e-13
5124.14 5.091718e-13
5126.52 5.086945e-13
5128.90 5.073238e-13
5131.28 5.053387e-13
5133.66 5.044570e-13
5136.04 5.011857e-13
5138.42 4.974782e-13
5140.80 4.961216e-13
5143.18 4.946538e-13
5145.56 4.919777e-13
5147.94 4.902067e-13
5150.32 5.032557e-13
5152.70 5.004201e-13
5155.08 4.978248e-13
5157.46 4.963687e-13
5159.84 4.960447e-13
5162.22 4.945067e-13
5164.60 4.919034e-13
5166.98 4.907696e-13
5169.36 4.913056e-13
5171.74 4.918316e-13
5174.12 4.916147e-13
5176.50 4.907319e-13
5178.88 4.927830e-13
5181.26 4.940417e-13
5183.64 4.932165e-13
5186.02 4.949628e-13
5188.40 4.960897e-13
5190.78 4.957307e-13
5193.16 4.969585e-13
5195.54 4.986392e-13
5197.92 4.980993e-13
5200.30 4.981847e-13
5202.68 4.960354e-13
5205.06 4.964956e-13
5207.44 4.971519e-13
5209.82 4.940548e-13
5212.20 4.925484e-13
5214.58 4.917881e-13
5216.96 4.883315e-13
5219.34 4.845683e-13
5221.72 4.814385e-13
5224.10 4.760543e-13
5226.48 4.713988e-13
5228.86 4.663756e-13
5231.24 4.603522e-13
5233.62 4.535385e-13
5236.00 4.461040e-13
5238.38 4.381745e-13
5240.76 4.290292e-13
5243.14 4.202852e-13
5245.52 4.128190e-13
5247.90 4.059488e-13
5250.28 3.987403e-13
5252.66 3.902408e-13
5255.04 3.829866e-13
5257.42 3.759681e-13
5259.80 3.687024e-13
5262.18 3.632459e-13
5264.56 3.575770e-13
5266.94 3.524893e-13
5269.32 3.472615e-13
5271.70 3.420663e-13
5274.08 3.379313e-13
5276.46 3.339783e-13
5278.84 3.315596e-13
5281.22 3.284821e-13
5283.60 3.253176e-13
5285.98 3.236054e-13
5288.36 3.216825e-13
5290.74 3.207615e-13
5293.12 3.200039e-13
5295.50 3.204422e-13
5297.88 3.218733e-13
5300.26 3.215015e-13
5302.64 3.200455e-13
5305.02 3.199387e-13
5307.40 3.211515e-13
5309.78 3.222797e-13
5312.16 3.228273e-13
5314.54 3.236290e-13
5316.92 3.253596e-13
5319.30 3.258743e-13
5321.68 3.255832e-13
5324.06 3.264809e-13
5326.44 3.282687e-13
5328.82 3.308901e-13
5331.20 3.326489e-13
5333.58 3.343115e-13
5335.96 3.369353e-13
5338.34 3.400245e-13
5340.72 3.442073e-13
5343.10 3.472593e-13
5345.48 3.491828e-13
5347.86 3.511607e-13
5350.24 3.535425e-13
5352.62 3.565542e-13
5355.00 3.607775e-13
5357.38 3.632069e-13
5359.76 3.645764e-13
5362.14 3.673726e-13
5364.52 3.693696e-13
5366.90 3.686314e-13
5369.28 3.690127e-13
5371.66 3.712307e-13
5374.04 3.722239e-13
5376.42 3.712157e-13
5378.80 3.717034e-13
5381.18 3.719059e-13
5383.56 3.715314e-13
5385.94 3.711253e-13
5388.32 3.703147e-13
5390.70 3.691987e-13
5393.08 3.681834e-13
5395.46 3.669874e-13
5397.84 3.661801e-13
5400.22 3.652510e-13
5402.60 3.624092e-13
5404.98 3.608210e-13
5407.36 3.588001e-13
5409.74 3.564219e-13
5412.12 3.542512e-13
5414.50 3.511714e-13
5416.88 3.486402e-13
5419.26 3.457885e-13
5421.64 3.429854e-13
5424.02 3.397240e-13
5426.40 3.349030e-13
5428.78 3.300928e-13
5431.16 3.254436e-13
5433.54 3.216073e-13
5435.92 3.178764e-13
5438.30 3.135796e-13
5440.68 3.097618e-13
5443.06 3.054774e-13
5445.44 3.018271e-13
5447.82 2.982598e-13
5450.20 2.943858e-13
5452.58 2.914701e-13
5454.96 2.886817e-13
5457.34 2.861470e-13
5459.72 2.835171e-13
5462.10 2.815169e-13
5464.48 2.810016e-13
5466.86 2.804690e-13
5469.24 2.806844e-13
5471.62 2.807988e-13
5474.00 2.811042e-13
5476.38 2.826216e-13
5478.76 2.846827e-13
5481.14 2.873620e-13
5483.52 2.904003e-13
5485.90 2.930364e-13
5488.28 2.956480e-13
5490.66 3.000503e-13
5493.04 3.064264e-13
5495.42 3.113915e-13
5497.80 3.155311e-13
5500.18 3.202839e-13
5502.56 3.251893e-13
5504.94 3.302365e-13
5507.32 3.344341e-13
5509.70 3.394039e-13
5512.08 3.451558e-13
5514.46 3.499995e-13
5516.84 3.542962e-13
5519.22 3.593562e-13
5521.60 3.637976e-13
5523.98 3.684245e-13
5526.36 3.734668e-13
5528.74 3.769353e-13
5531.12 3.806584e-13
5533.50 3.844085e-13
5535.88 3.880538e-13
5538.26 3.917139e-13
5540.64 3.951419e-13
5543.02 3.982793e-13
5545.40 4.017022e-13
5547.78 4.046339e-13
5550.16 4.063608e-13
5552.54 4.070475e-13
5554.92 4.072369e-13
5557.30 4.075388e-13
5559.68 4.065251e-13
5562.06 4.046401e-13
5564.44 4.025982e-13
5566.82 4.000911e-13
5569.20 3.990672e-13
5571.58 3.973389e-13
5573.96 3.952097e-13
5576.34 3.943497e-13
5578.72 3.943131e-13
5581.10 3.934627e-13
5583.48 3.930076e-13
5585.86 3.941991e-13
5588.24 3.953906e-13
5590.62 3.951807e-13
5593.00 3.957029e-13
5595.38 3.970840e-13
5597.76 3.990825e-13
5600.14 4.012251e-13
5602.52 4.023377e-13
5604.90 4.020999e-13
5607.28 4.030617e-13
5609.66 4.035710e-13
5612.04 4.043388e-13
5614.42 4.051936e-13
5616.80 4.044415e-13
5619.18 4.041078e-13
5621.56 4.039841e-13
5623.94 4.043683e-13
5626.32 4.035796e-13
5628.70 4.013147e-13
5631.08 4.013239e-13
5633.46 4.009420e-13
5635.84 3.998134e-13
5638.22 3.988095e-13
5640.60 3.979423e-13
5642.98 3.966597e-13
5645.36 3.954038e-13
5647.74 3.956793e-13
5650.12 3.961239e-13
5652.50 3.958906e-13
5654.88 3.957793e-13
5657.26 3.949662e-13
5659.64 3.951091e-13
5662.02 3.944260e-13
5664.40 3.929792e-13
5666.78 3.920999e-13
5669.16 3.904506e-13
5671.54 3.903544e-13
5673.92 3.898082e-13
5676.30 3.896385e-13
5678.68 3.908540e-13
5681.06 3.909581e-13
5683.44 3.910776e-13
5685.82 3.913300e-13
5688.20 3.908066e-13
5690.58 3.900423e-13
5692.96 3.904576e-13
5695.34 3.909798e-13
5697.72 3.899096e-13
5700.10 3.884358e-13
5702.48 3.873841e-13
5704.86 3.862065e-13
5707.24 3.846823e-13
5709.62 3.819097e-13
5712.00 3.799951e-13
5714.38 3.778205e-13
5716.76 3.745123e-13
5719.14 3.727014e-13
5721.52 3.706875e-13
5723.90 3.677862e-13
5726.28 3.649573e-13
5728.66 3.624678e-13
5731.04 3.596579e-13
5733.42 3.569087e-13
5735.80 3.537419e-13
5738.18 3.515398e-13
5740.56 3.491299e-13
5742.94 3.457136e-13
5745.32 3.444904e-13
5747.70 3.412949e-13
5750.08 3.386944e-13
5752.46 3.369987e-13
5754.84 3.348168e-13
5757.22 3.335231e-13
5759.60 3.315308e-13
5761.98 3.292812e-13
5764.36 3.276426e-13
5766.74 3.265737e-13
5769.12 3.253624e-13
5771.50 3.236344e-13
5773.88 3.220428e-13
5776.26 3.210568e-13
5778.64 3.208361e-13
5781.02 3.209642e-13
5783.40 3.204975e-13
5785.78 3.197418e-13
5788.16 3.195488e-13
5790.54 3.200882e-13
5792.92 3.208122e-13
5795.30 3.214936e-13
5797.68 3.227513e-13
5800.06 3.235978e-13
5802.44 3.245866e-13
5804.82 3.260973e-13
5807.20 3.275092e-13
5809.58 3.295765e-13
5811.96 3.312656e-13
5814.34 3.321248e-13
5816.72 3.336657e-13
5819.10 3.362920e-13
5821.48 3.371903e-13
5823.86 3.371207e-13
5826.24 3.381123e-13
5828.62 3.400332e-13
5831.00 3.412029e-13
5833.38 3.411742e-13
5835.76 3.414336e-13
5838.14 3.426270e-13
5840.52 3.432749e-13
5842.90 3.430274e-13
5845.28 3.433472e-13
5847.66 3.438685e-13
5850.04 3.444520e-13
5852.42 3.452453e-13
5854.80 3.458409e-13
5857.18 3.457681e-13
5859.56 3.455225e-13
5861.94 3.454116e-13
5864.32 3.449967e-13
5866.70 3.453986e-13
5869.08 3.468290e-13
5871.46 3.471987e-13
5873.84 3.475723e-13
5876.22 3.484362e-13
5878.60 3.493557e-13
5880.98 3.499608e-13
5883.36 3.501898e-13
5885.74 3.497616e-13
5888.12 3.490989e-13
5890.50 3.490089e-13
5892.88 3.493869e-13
5895.26 3.497675e-13
5897.64 3.506795e-13
5900.02 3.521493e-13
5902.40 3.540228e-13
5904.78 3.553682e-13
5907.16 3.557402e-13
5909.54 3.560991e-13
5911.92 3.566259e-13
5914.30 3.565872e-13
5916.68 3.563604e-13
5919.06 3.557504e-13
5921.44 3.542635e-13
5923.82 3.539812e-13
5926.20 3.536897e-13
5928.58 3.535602e-13
5930.96 3.536182e-13
5933.34 3.530320e-13
5935.72 3.521341e-13
5938.10 3.512710e-13
5940.48 3.507498e-13
5942.86 3.504114e-13
5945.24 3.501814e-13
5947.62 3.501313e-13
5950.00 3.493908e-13
5952.38 3.499234e-13
5954.76 3.502590e-13
5957.14 3.492926e-13
5959.52 3.490860e-13
5961.90 3.492765e-13
5964.28 3.493010e-13
5966.66 3.489413e-13
5969.04 3.483652e-13
5971.42 3.478582e-13
5973.80 3.475316e-13
5976.18 3.474970e-13
5978.56 3.473508e-13
5980.94 3.465537e-13
5983.32 3.453173e-13
5985.70 3.445610e-13
5988.08 3.441828e-13
5990.46 3.430198e-13
5992.84 3.417406e-13
5995.22 3.408393e-13
5997.60 3.398329e-13
5999.98 3.398569e-13
6002.36 3.387300e-13
6004.74 3.367573e-13
6007.12 3.354242e-13
6009.50 3.344001e-13
6011.88 3.324103e-13
6014.26 3.309652e-13
6016.64 3.299267e-13
6019.02 3.288166e-13
6021.40 3.276518e-13
6023.78 3.262182e-13
6026.16 3.242972e-13
6028.54 3.222598e-13
6030.92 3.202645e-13
6033.30 3.184059e-13
6035.68 3.166004e-13
6038.06 3.138439e-13
6040.44 3.100761e-13
6042.82 3.070779e-13
6045.20 3.043824e-13
6047.58 3.000154e-13
6049.96 2.950271e-13
6052.34 2.897481e-13
6054.72 2.836678e-13
6057.10 2.768198e-13
6059.48 2.696339e-13
6061.86 2.623898e-13
6064.24 2.559342e-13
6066.62 2.492880e-13
6069.00 2.424997e-13
6071.38 2.359195e-13
6073.76 2.291291e-13
6076.14 2.225008e-13
6078.52 2.156416e-13
6080.90 2.086414e-13
6083.28 2.017670e-13
6085.66 1.951126e-13
6088.04 1.888005e-13
6090.42 1.824440e-13
6092.80 1.761584e-13
6095.18 1.706719e-13
6097.56 1.659492e-13
6099.94 1.607897e-13
6102.32 1.553857e-13
6104.70 1.505634e-13
6107.08 1.463640e-13
6109.46 1.426004e-13
6111.84 1.393578e-13
6114.22 1.361645e-13
6116.60 1.329137e-13
6118.98 1.296874e-13
6121.36 1.266510e-13
6123.74 1.240053e-13
6126.12 1.218654e-13
6128.50 1.201665e-13
6130.88 1.187299e-13
6133.26 1.177033e-13
6135.64 1.172321e-13
6138.02 1.169512e-13
6140.40 1.165860e-13
6142.78 1.166065e-13
6145.16 1.171061e-13
6147.54 1.177390e-13
6149.92 1.185230e-13
6152.30 1.199698e-13
6154.68 1.213963e-13
6157.06 1.227738e-13
6159.44 1.241392e-13
6161.82 1.254415e-13
6164.20 1.274253e-13
6166.58 1.300828e-13
6168.96 1.327445e-13
6171.34 1.355085e-13
6173.72 1.386276e-13
6176.10 1.415531e-13
6178.48 1.447066e-13
6180.86 1.484213e-13
6183.24 1.522414e-13
6185.62 1.560470e-13
6188.00 1.603455e-13
6190.38 1.646508e-13
6192.76 1.689168e-13
6195.14 1.736031e-13
6197.52 1.786800e-13
6199.90 1.835631e-13
6202.28 1.880751e-13
6204.66 1.923413e-13
6207.04 1.968961e-13
6209.42 2.017118e-13
6211.80 2.064051e-13
6214.18 2.110111e-13
6216.56 2.154357e-13
6218.94 2.198110e-13
6221.32 2.239742e-13
6223.70 2.279085e-13
6226.08 2.317858e-13
6228.46 2.350892e-13
6230.84 2.384451e-13
6233.22 2.417181e-13
6235.60 2.445720e-13
6237.98 2.473434e-13
6240.36 2.504159e-13
6242.74 2.534330e-13
6245.12 2.563329e-13
6247.50 2.591070e-13
6249.88 2.619706e-13
6252.26 2.653155e-13
6254.64 2.683094e-13
6257.02 2.711476e-13
6259.40 2.737923e-13
6261.78 2.760847e-13
6264.16 2.784726e-13
6266.54 2.810942e-13
6268.92 2.824337e-13
6271.30 2.829349e-13
6273.68 2.840613e-13
6276.06 2.861910e-13
6278.44 2.885400e-13
6280.82 2.902623e-13
6283.20 2.925018e-13
6285.58 2.940612e-13
6287.96 2.939612e-13
6290.34 2.950490e-13
6292.72 2.959793e-13
6295.10 2.975814e-13
6297.48 2.994822e-13
6299.86 3.002497e-13
6302.24 3.002763e-13
6304.62 3.012801e-13
6307.00 3.023287e-13
6309.38 3.031456e-13
6311.76 3.037532e-13
6314.14 3.045065e-13
6316.52 3.063952e-13
6318.90 3.052406e-13
6321.28 3.047336e-13
6323.66 3.055734e-13
6326.04 3.049855e-13
6328.42 3.051302e-13
6330.80 3.052461e-13
6333.18 3.054143e-13
6335.56 3.054243e-13
6337.94 3.047323e-13
6340.32 3.035757e-13
6342.70 3.027132e-13
6345.08 3.020578e-13
6347.46 3.012703e-13
6349.84 3.001885e-13
6352.22 2.988286e-13
6354.60 2.973338e-13
6356.98 2.962061e-13
6359.36 2.958606e-13
6361.74 2.954459e-13
6364.12 2.942759e-13
6366.50 2.934508e-13
6368.88 2.929474e-13
6371.26 2.919934e-13
6373.64 2.911737e-13
6376.02 2.910469e-13
6378.40 2.906772e-13
6380.78 2.898119e-13
6383.16 2.892529e-13
6385.54 2.893399e-13
6387.92 2.896716e-13
6390.30 2.896784e-13
6392.68 2.893248e-13
6395.06 2.895449e-13
6397.44 2.896964e-13
6399.82 2.896286e-13
6402.20 2.895106e-13
6404.58 2.885881e-13
6406.96 2.883547e-13
6409.34 2.881024e-13
6411.72 2.874519e-13
6414.10 2.869797e-13
6416.48 2.866769e-13
6418.86 2.858596e-13
6421.24 2.847548e-13
6423.62 2.835367e-13
6426.00 2.822344e-13
6428.38 2.810654e-13
6430.76 2.801596e-13
6433.14 2.788550e-13
6435.52 2.773020e-13
6437.90 2.759501e-13
6440.28 2.747307e-13
6442.66 2.733910e-13
6445.04 2.725311e-13
6447.42 2.716588e-13
6449.80 2.705644e-13
6452.18 2.695755e-13
6454.56 2.687186e-13
6456.94 2.677233e-13
6459.32 2.667229e-13
6461.70 2.659448e-13
6464.08 2.651888e-13
6466.46 2.640107e-13
6468.84 2.625909e-13
6471.22 2.617356e-13
6473.60 2.608742e-13
6475.98 2.595328e-13
6478.36 2.582382e-13
6480.74 2.573284e-13
6483.12 2.560312e-13
6485.50 2.552953e-13
6487.88 2.547601e-13
6490.26 2.534652e-13
6492.64 2.521407e-13
6495.02 2.516091e-13
6497.40 2.515039e-13
6499.78 2.509455e-13
6502.16 2.498383e-13
6504.54 2.488810e-13
6506.92 2.482137e-13
6509.30 2.474611e-13
6511.68 2.463994e-13
6514.06 2.451042e-13
6516.44 2.440427e-13
6518.82 2.436703e-13
6521.20 2.431074e-13
6523.58 2.422908e-13
6525.96 2.417258e-13
6528.34 2.415244e-13
6530.72 2.410779e-13
6533.10 2.398641e-13
6535.48 2.386380e-13
6537.86 2.379177e-13
6540.24 2.374803e-13
6542.62 2.367678e-13
6545.00 2.355041e-13
6547.38 2.344496e-13
6549.76 2.338871e-13
6552.14 2.334560e-13
6554.52 2.328191e-13
6556.90 2.320092e-13
6559.28 2.308693e-13
6561.66 2.296095e-13
6564.04 2.285269e-13
6566.42 2.277669e-13
6568.80 2.272785e-13
6571.18 2.267789e-13
6573.56 2.261147e-13
6575.94 2.253492e-13
6578.32 2.245560e-13
6580.70 2.237918e-13
6583.08 2.231756e-13
6585.46 2.222778e-13
6587.84 2.214674e-13
6590.22 2.205765e-13
6592.60 2.192605e-13
6594.98 2.184068e-13
6597.36 2.177754e-13
6599.74 2.170378e-13
6602.12 2.161492e-13
6604.50 2.152364e-13
6606.88 2.143824e-13
6609.26 2.134753e-13
6611.64 2.123135e-13
6614.02 2.112734e-13
6616.40 2.105164e-13
6618.78 2.097139e-13
6621.16 2.090896e-13
6623.54 2.086999e-13
6625.92 2.078676e-13
6628.30 2.066271e-13
6630.68 2.058229e-13
6633.06 2.055259e-13
6635.44 2.049502e-13
6637.82 2.043420e-13
6640.20 2.040534e-13
6642.58 2.035856e-13
6644.96 2.023936e-13
6647.34 2.016255e-13
6649.72 2.013814e-13
6652.10 2.007823e-13
6654.48 1.996015e-13
6656.86 1.987014e-13
6659.24 1.984251e-13
6661.62 1.979616e-13
6664.00 1.969718e-13
6666.38 1.962217e-13
6668.76 1.960409e-13
6671.14 1.952739e-13
6673.52 1.945372e-13
6675.90 1.936835e-13
6678.28 1.928265e-13
6680.66 1.922731e-13
6683.04 1.916272e-13
6685.42 1.907193e-13
6687.80 1.901098e-13
6690.18 1.896001e-13
6692.56 1.888748e-13
6694.94 1.882499e-13
6697.32 1.877093e-13
6699.70 1.867050e-13
6702.08 1.856458e-13
6704.46 1.849002e-13
6706.84 1.841698e-13
6709.22 1.833457e-13
6711.60 1.828478e-13
6713.98 1.824783e-13
6716.36 1.816335e-13
6718.74 1.803130e-13
6721.12 1.792707e-13
6723.50 1.785276e-13
6725.88 1.778579e-13
6728.26 1.771140e-13
6730.64 1.763069e-13
6733.02 1.755581e-13
6735.40 1.749186e-13
6737.78 1.740301e-13
6740.16 1.728420e-13
6742.54 1.717222e-13
6744.92 1.711649e-13
6747.30 1.712156e-13
6749.68 1.707975e-13
6752.06 1.698418e-13
6754.44 1.688188e-13
6756.82 1.680499e-13
6759.20 1.676240e-13
6761.58 1.673551e-13
6763.96 1.667216e-13
6766.34 1.658181e-13
6768.72 1.650569e-13
6771.10 1.644617e-13
6773.48 1.637966e-13
6775.86 1.631502e-13
6778.24 1.625367e-13
6780.62 1.620786e-13
6783.00 1.617479e-13
6785.38 1.610524e-13
6787.76 1.603978e-13
6790.14 1.602983e-13
6792.52 1.603148e-13
6794.90 1.598659e-13
6797.28 1.593083e-13
6799.66 1.588516e-13
6802.04 1.584886e-13
6804.42 1.580899e-13
6806.80 1.577141e-13
6809.18 1.574831e-13
6811.56 1.570897e-13
6813.94 1.566822e-13
6816.32 1.561978e-13
6818.70 1.558054e-13
6821.08 1.556766e-13
6823.46 1.552539e-13
6825.84 1.546611e-13
6828.22 1.544039e-13
6830.60 1.544644e-13
6832.98 1.543782e-13
6835.36 1.540030e-13
6837.74 1.537019e-13
6840.12 1.536370e-13
6842.50 1.533693e-13
6844.88 1.528710e-13
6847.26 1.527396e-13
6849.64 1.527224e-13
6852.02 1.525480e-13
6854.40 1.519611e-13
6856.78 1.511014e-13
6859.16 1.507264e-13
6861.54 1.511821e-13
6863.92 1.503630e-13
6866.30 1.492749e-13
6868.68 1.491777e-13
6871.06 1.496349e-13
6873.44 1.498401e-13
6875.82 1.495457e-13
6878.20 1.488965e-13
6880.58 1.481531e-13
6882.96 1.472837e-13
6885.34 1.463663e-13
6887.72 1.463088e-13
6890.10 1.462968e-13
6892.48 1.458220e-13
6894.86 1.453071e-13
6897.24 1.451439e-13
6899.62 1.449533e-13
6902.00 1.447855e-13
6904.38 1.443060e-13
6906.76 1.436363e-13
6909.14 1.431617e-13
6911.52 1.427744e-13
6913.90 1.426118e-13
6916.28 1.425517e-13
6918.66 1.423563e-13
6921.04 1.419482e-13
6923.42 1.414828e-13
6925.80 1.411668e-13
6928.18 1.410316e-13
6930.56 1.407394e-13
6932.94 1.404032e-13
6935.32 1.403784e-13
6937.70 1.403709e-13
6940.08 1.408928e-13
6942.46 1.414679e-13
6944.84 1.415202e-13
6947.22 1.414015e-13
6949.60 1.417300e-13
6951.98 1.417008e-13
6954.36 1.412746e-13
6956.74 1.411936e-13
6959.12 1.416542e-13
6961.50 1.419928e-13
6963.88 1.421029e-13
6966.26 1.419738e-13
6968.64 1.416501e-13
6971.02 1.415116e-13
6973.40 1.416783e-13
6975.78 1.413835e-13
6978.16 1.409802e-13
6980.54 1.406390e-13
6982.92 1.403004e-13
6985.30 1.398164e-13
6987.68 1.390180e-13
6990.06 1.382313e-13
6992.44 1.378816e-13
6994.82 1.377948e-13
6997.20 1.375907e-13
6999.58 1.373801e-13
7001.96 1.374784e-13
7004.34 1.372708e-13
7006.72 1.369773e-13
7009.10 1.367222e-13
7011.48 1.363976e-13
7013.86 1.366735e-13
7016.24 1.362723e-13
7018.62 1.358917e-13
7021.00 1.359995e-13
7023.38 1.359480e-13
7025.76 1.357823e-13
7028.14 1.361110e-13
7030.52 1.361494e-13
7032.90 1.360377e-13
7035.28 1.361543e-13
7037.66 1.359175e-13
7040.04 1.355742e-13
7042.42 1.355932e-13
7044.80 1.356788e-13
7047.18 1.356524e-13
7049.56 1.356571e-13
7051.94 1.353303e-13
7054.32 1.351976e-13
7056.70 1.352741e-13
7059.08 1.353732e-13
7061.46 1.354707e-13
7063.84 1.355031e-13
7066.22 1.353877e-13
7068.60 1.352622e-13
7070.98 1.352532e-13
7073.36 1.352573e-13
7075.74 1.350744e-13
7078.12 1.348283e-13
7080.50 1.348278e-13
7082.88 1.347243e-13
7085.26 1.343830e-13
7087.64 1.342603e-13
7090.02 1.343993e-13
7092.40 1.344725e-13
7094.78 1.342490e-13
7097.16 1.340651e-13
7099.54 1.341786e-13
7101.92 1.341798e-13
7104.30 1.343042e-13
7106.68 1.344483e-13
7109.06 1.341997e-13
7111.44 1.336881e-13
7113.82 1.335394e-13
7116.20 1.334301e-13
7118.58 1.330809e-13
7120.96 1.328215e-13
7123.34 1.326991e-13
7125.72 1.324372e-13
7128.10 1.323693e-13
7130.48 1.320412e-13
7132.86 1.316725e-13
7135.24 1.314474e-13
7137.62 1.312937e-13
7140.00 1.313214e-13
7142.38 1.310655e-13
7144.76 1.307473e-13
7147.14 1.306771e-13
7149.52 1.305750e-13
7151.90 1.302156e-13
7154.28 1.305225e-13
7156.66 1.303979e-13
7159.04 1.301763e-13
7161.42 1.299618e-13
7163.80 1.292522e-13
7166.18 1.296534e-13
7168.56 1.301609e-13
7170.94 1.303119e-13
7173.32 1.302054e-13
7175.70 1.300015e-13
7178.08 1.299532e-13
7180.46 1.296421e-13
7182.84 1.297186e-13
7185.22 1.296916e-13
7187.60 1.290371e-13
7189.98 1.286930e-13
7192.36 1.285960e-13
7194.74 1.285068e-13
7197.12 1.283311e-13
7199.50 1.279860e-13
7201.88 1.275530e-13
7204.26 1.274453e-13
7206.64 1.272387e-13
7209.02 1.272405e-13
7211.40 1.268049e-13
7213.78 1.255036e-13
7216.16 1.250818e-13
7218.54 1.249974e-13
7220.92 1.250758e-13
7223.30 1.250218e-13
7225.68 1.247014e-13
7228.06 1.246218e-13
7230.44 1.247483e-13
7232.82 1.248929e-13
7235.20 1.248354e-13
7237.58 1.243607e-13
7239.96 1.236968e-13
7242.34 1.236016e-13
7244.72 1.232657e-13
7247.10 1.226421e-13
7249.48 1.220200e-13
7251.86 1.216884e-13
7254.24 1.219562e-13
7256.62 1.215457e-13
7259.00 1.208899e-13
7261.38 1.206810e-13
7263.76 1.208028e-13
7266.14 1.208056e-13
7268.52 1.205019e-13
7270.90 1.201031e-13
7273.28 1.201342e-13
7275.66 1.205831e-13
7278.04 1.206948e-13
7280.42 1.201255e-13
7282.80 1.197191e-13
7285.18 1.194492e-13
7287.56 1.191192e-13
7289.94 1.188264e-13
7292.32 1.183684e-13
7294.70 1.177017e-13
7297.08 1.172004e-13
7299.46 1.169945e-13
7301.84 1.167085e-13
7304.22 1.160641e-13
7306.60 1.156163e-13
7308.98 1.152962e-13
7311.36 1.148949e-13
7313.74 1.141550e-13
7316.12 1.132581e-13
7318.50 1.130614e-13
7320.88 1.118703e-13
7323.26 1.113735e-13
7325.64 1.114970e-13
7328.02 1.104547e-13
7330.40 1.100135e-13
7332.78 1.096617e-13
7335.16 1.095662e-13
7337.54 1.094176e-13
7339.92 1.088282e-13
7342.30 1.083958e-13
7344.68 1.081060e-13
7347.06 1.076535e-13
7349.44 1.072673e-13
7351.82 1.070354e-13
7354.20 1.065996e-13
7356.58 1.060745e-13
7358.96 1.054903e-13
7361.34 1.050810e-13
7363.72 1.047420e-13
7366.10 1.043204e-13
7368.48 1.042394e-13
7370.86 1.041946e-13
7373.24 1.041721e-13
7375.62 1.039761e-13
7378.00 1.036003e-13
7380.38 1.034702e-13
7382.76 1.031539e-13
7385.14 1.029246e-13
7387.52 1.027602e-13
7389.90 1.025516e-13
7392.28 1.024484e-13
7394.66 1.022692e-13
7397.04 1.020068e-13
7399.42 1.019777e-13
7401.80 1.020936e-13
7404.18 1.020070e-13
7406.56 1.018878e-13
7408.94 1.017520e-13
7411.32 1.015557e-13
7413.70 1.013053e-13
7416.08 1.010084e-13
7418.46 1.006134e-13
7420.84 1.001478e-13
7423.22 9.987019e-14
7425.60 9.954202e-14
7427.98 9.907488e-14
7430.36 9.876990e-14
7432.74 9.830682e-14
7435.12 9.767148e-14
7437.50 9.689009e-14
7439.88 9.633400e-14
7442.26 9.614600e-14
7444.64 9.553286e-14
7447.02 9.461000e-14
7449.40 9.371963e-14
7451.78 9.281040e-14
7454.16 9.191954e-14
7456.54 9.132804e-14
7458.92 9.036235e-14
7461.30 8.939666e-14
7463.68 8.866691e-14
7466.06 8.804999e-14
7468.44 8.748070e-14
7470.82 8.686185e-14
7473.20 8.624372e-14
7475.58 8.571144e-14
7477.96 8.511561e-14
7480.34 8.450110e-14
7482.72 8.438334e-14
7485.10 8.411593e-14
7487.48 8.373008e-14
7489.86 8.335839e-14
7492.24 8.281498e-14
7494.62 8.215730e-14
7497.00 8.197378e-14
7499.38 8.162280e-14
7501.76 8.097885e-14
7504.14 8.046886e-14
7506.52 8.029561e-14
7508.90 8.050923e-14
7511.28 8.048482e-14
7513.66 8.018865e-14
7516.04 8.001505e-14
7518.42 8.015024e-14
7520.80 8.050431e-14
7523.18 8.109813e-14
7525.56 8.146707e-14
7527.94 8.153633e-14
7530.32 8.183711e-14
7532.70 8.258464e-14
7535.08 8.299325e-14
7537.46 8.320287e-14
7539.84 8.348702e-14
7542.22 8.392404e-14
7544.60 8.440981e-14
7546.98 8.456807e-14
7549.36 8.500993e-14
7551.74 8.579982e-14
7554.12 8.653879e-14
7556.50 8.701365e-14
7558.88 8.729445e-14
7561.26 8.752880e-14
7563.64 8.768598e-14
7566.02 8.806027e-14
7568.40 8.859929e-14
7570.78 8.866501e-14
7573.16 8.905825e-14
7575.54 8.949835e-14
7577.92 8.964495e-14
7580.30 8.969706e-14
7582.68 9.006792e-14
7585.06 9.082695e-14
7587.44 9.097226e-14
7589.82 9.134579e-14
7592.20 9.195364e-14
7594.58 9.187677e-14
7596.96 9.231786e-14
7599.34 9.239491e-14
7601.72 9.130381e-14
7604.10 8.977179e-14
7606.48 8.914404e-14
7608.86 8.974627e-14
7611.24 9.105563e-14
7613.62 9.273146e-14
7616.00 9.383582e-14
7618.38 9.390515e-14
7620.76 9.369116e-14
7623.14 9.352969e-14
7625.52 9.317797e-14
7627.90 9.308295e-14
7630.28 9.333174e-14
7632.66 9.341947e-14
7635.04 9.360958e-14
7637.42 9.422003e-14
7639.80 9.425374e-14
7642.18 9.374997e-14
7644.56 9.404220e-14
7646.94 9.520037e-14
7649.32 9.503722e-14
7651.70 9.455372e-14
7654.08 9.467075e-14
7656.46 9.484651e-14
7658.84 9.473854e-14
7661.22 9.514732e-14
7663.60 9.508143e-14
7665.98 9.498946e-14
7668.36 9.503472e-14
7670.74 9.465715e-14
7673.12 9.484919e-14
7675.50 9.500298e-14
7677.88 9.481035e-14
7680.26 9.489108e-14
7682.64 9.510221e-14
7685.02 9.425010e-14
7687.40 9.393791e-14
7689.78 9.381141e-14
7692.16 9.343588e-14
7694.54 9.340381e-14
7696.92 9.402477e-14
7699.30 9.420719e-14
7701.68 9.445228e-14
7704.06 9.480764e-14
7706.44 9.507059e-14
7708.82 9.537484e-14
7711.20 9.572978e-14
7713.58 9.639250e-14
7715.96 9.676533e-14
7718.34 9.662608e-14
7720.72 9.665272e-14
7723.10 9.729175e-14
7725.48 9.774929e-14
7727.86 9.805541e-14
7730.24 9.834262e-14
7732.62 9.868915e-14
7735.00 9.913381e-14
7737.38 9.918528e-14
7739.76 9.959432e-14
7742.14 1.000353e-13
7744.52 1.002910e-13
7746.90 1.007318e-13
7749.28 1.007886e-13
7751.66 1.009961e-13
7754.04 1.016392e-13
7756.42 1.021006e-13
7758.80 1.021336e-13
7761.18 1.025692e-13
7763.56 1.028239e-13
7765.94 1.030843e-13
7768.32 1.035710e-13
7770.70 1.038952e-13
7773.08 1.038987e-13
7775.46 1.045788e-13
7777.84 1.048308e-13
7780.22 1.045917e-13
7782.60 1.047957e-13
7784.98 1.055202e-13
7787.36 1.057564e-13
7789.74 1.058326e-13
7792.12 1.058160e-13
7794.50 1.059511e-13
7796.88 1.063576e-13
7799.26 1.064575e-13
7801.64 1.066438e-13
7804.02 1.066795e-13
7806.40 1.067336e-13
7808.78 1.069034e-13
7811.16 1.069404e-13
7813.54 1.076375e-13
7815.92 1.076618e-13
7818.30 1.075259e-13
7820.68 1.079065e-13
7823.06 1.081644e-13
7825.44 1.084090e-13
7827.82 1.082720e-13
7830.20 1.080107e-13
7832.58 1.081548e-13
7834.96 1.083920e-13
7837.34 1.078713e-13
7839.72 1.077482e-13
7842.10 1.079418e-13
7844.48 1.080910e-13
7846.86 1.081686e-13
7849.24 1.079900e-13
7851.62 1.072969e-13
7854.00 1.073024e-13
7856.38 1.077598e-13
7858.76 1.079131e-13
7861.14 1.078886e-13
7863.52 1.077483e-13
7865.90 1.073736e-13
7868.28 1.071053e-13
7870.66 1.068332e-13
7873.04 1.063557e-13
7875.42 1.061600e-13
7877.80 1.057774e-13
7880.18 1.057800e-13
7882.56 1.054907e-13
7884.94 1.047664e-13
7887.32 1.049148e-13
7889.70 1.043149e-13
7892.08 1.042086e-13
7894.46 1.043673e-13
7896.84 1.043788e-13
7899.22 1.048335e-13
7901.60 1.048523e-13
7903.98 1.046557e-13
7906.36 1.044202e-13
7908.74 1.041967e-13
7911.12 1.042290e-13
7913.50 1.046763e-13
7915.88 1.048552e-13
7918.26 1.044590e-13
7920.64 1.043228e-13
7923.02 1.046376e-13
7925.40 1.043428e-13
7927.78 1.041393e-13
7930.16 1.040838e-13
7932.54 1.038618e-13
7934.92 1.036822e-13
7937.30 1.038985e-13
7939.68 1.039664e-13
7942.06 1.040587e-13
7944.44 1.039342e-13
7946.82 1.034298e-13
7949.20 1.029409e-13
7951.58 1.029169e-13
7953.96 1.030946e-13
7956.34 1.027664e-13
7958.72 1.022677e-13
7961.10 1.020186e-13
7963.48 1.016192e-13
7965.86 1.016337e-13
7968.24 1.015953e-13
7970.62 1.014123e-13
7973.00 1.013654e-13
7975.38 1.013124e-13
7977.76 1.009032e-13
7980.14 1.008494e-13
7982.52 1.006694e-13
7984.90 1.000188e-13
7987.28 9.951342e-14
7989.66 9.948595e-14
7992.04 9.931501e-14
7994.42 9.884643e-14
7996.80 9.829648e-14
7999.18 9.770533e-14
8001.56 9.696054e-14
8003.94 9.639118e-14
8006.32 9.592312e-14
8008.70 9.534913e-14
8011.08 9.469833e-14
8013.46 9.418573e-14
8015.84 9.378951e-14
8018.22 9.315200e-14
8020.60 9.247734e-14
8022.98 9.192954e-14
8025.36 9.134679e-14
8027.74 9.074417e-14
8030.12 9.027696e-14
8032.50 9.000686e-14
8034.88 8.969512e-14
8037.26 8.912342e-14
8039.64 8.853586e-14
8042.02 8.841886e-14
8044.40 8.857552e-14
8046.78 8.860883e-14
8049.16 8.845062e-14
8051.54 8.836138e-14
8053.92 8.845766e-14
8056.30 8.848414e-14
8058.68 8.870833e-14
8061.06 8.903063e-14
8063.44 8.900830e-14
8065.82 8.890034e-14
8068.20 8.893853e-14
8070.58 8.903048e-14
8072.96 8.909237e-14
8075.34 8.927663e-14
8077.72 8.963901e-14
8080.10 8.966558e-14
8082.48 8.983166e-14
8084.86 9.011335e-14
8087.24 9.029781e-14
8089.62 9.059504e-14
8092.00 9.092704e-14
8094.38 9.107721e-14
8096.76 9.085696e-14
8099.14 9.053546e-14
8101.52 9.070380e-14
8103.90 9.136351e-14
8106.28 9.140196e-14
8108.66 9.137885e-14
8111.04 9.142094e-14
8113.42 9.131586e-14
8115.80 9.155880e-14
8118.18 9.146880e-14
8120.56 9.120854e-14
8122.94 9.073602e-14
8125.32 9.028720e-14
8127.70 9.042865e-14
8130.08 9.051781e-14
8132.46 9.018124e-14
8134.84 8.989725e-14
8137.22 8.991319e-14
8139.60 8.979846e-14
8141.98 8.929294e-14
8144.36 8.881143e-14
8146.74 8.841564e-14
8149.12 8.785295e-14
8151.50 8.697221e-14
8153.88 8.601285e-14
8156.26 8.544173e-14
8158.64 8.482093e-14
8161.02 8.407844e-14
8163.40 8.313982e-14
8165.78 8.175842e-14
8168.16 8.056977e-14
8170.54 7.934043e-14
8172.92 7.887681e-14
8175.30 7.882891e-14
8177.68 7.801700e-14
8180.06 7.720872e-14
8182.44 7.617139e-14
8184.82 7.522087e-14
8187.20 7.426424e-14
8189.58 7.305071e-14
8191.96 7.199738e-14
8194.34 7.101287e-14
8196.72 6.991983e-14
8199.10 6.882442e-14
8201.48 6.773796e-14
8203.86 6.649827e-14
8206.24 6.543579e-14
8208.62 6.493066e-14
8211.00 6.445981e-14
8213.38 6.395415e-14
8215.76 6.382714e-14
8218.14 6.356358e-14
8220.52 6.313120e-14
8222.90 6.284061e-14
8225.28 6.258935e-14
8227.66 6.221694e-14
8230.04 6.201541e-14
8232.42 6.185806e-14
8234.80 6.171492e-14
8237.18 6.139377e-14
8239.56 6.094017e-14
8241.94 6.064364e-14
8244.32 6.023413e-14
8246.70 5.993158e-14
8249.08 5.990697e-14
8251.46 5.995866e-14
8253.84 5.992567e-14
8256.22 6.009890e-14
8258.60 6.035476e-14
8260.98 6.062704e-14
8263.36 6.073180e-14
8265.74 6.056229e-14
8268.12 6.039469e-14
8270.50 6.043130e-14
8272.88 6.076402e-14
8275.26 6.106085e-14
8277.64 6.115423e-14
8280.02 6.138797e-14
8282.40 6.183785e-14
8284.78 6.213580e-14
8287.16 6.206124e-14
8289.54 6.196610e-14
8291.92 6.215733e-14
8294.30 6.206591e-14
8296.68 6.155123e-14
8299.06 6.163233e-14
8301.44 6.215190e-14
8303.82 6.219132e-14
8306.20 6.206207e-14
8308.58 6.217854e-14
8310.96 6.247772e-14
8313.34 6.238904e-14
8315.72 6.189970e-14
8318.10 6.176031e-14
8320.48 6.197074e-14
8322.86 6.220857e-14
8325.24 6.235156e-14
8327.62 6.272261e-14
8330.00 6.324377e-14
8332.38 6.299056e-14
8334.76 6.302960e-14
8337.14 6.324584e-14
8339.52 6.331098e-14
8341.90 6.344760e-14
8344.28 6.379880e-14
8346.66 6.435813e-14
8349.04 6.502008e-14
8351.42 6.546212e-14
8353.80 6.560573e-14
8356.18 6.580466e-14
8358.56 6.617078e-14
8360.94 6.660481e-14
8363.32 6.720270e-14
8365.70 6.787239e-14
8368.08 6.838499e-14
8370.46 6.892278e-14
8372.84 6.942370e-14
8375.22 6.983967e-14
8377.60 7.023571e-14
8379.98 7.072349e-14
8382.36 7.139696e-14
8384.74 7.231071e-14
8387.12 7.315772e-14
8389.50 7.381326e-14
8391.88 7.429822e-14
8394.26 7.460112e-14
8396.64 7.497625e-14
8399.02 7.566557e-14
8401.40 7.611064e-14
8403.78 7.651034e-14
8406.16 7.747655e-14
8408.54 7.807462e-14
8410.92 7.886628e-14
8413.30 7.967852e-14
8415.68 8.023161e-14
8418.06 8.070618e-14
8420.44 8.123328e-14
8422.82 8.178107e-14
8425.20 8.257164e-14
8427.58 8.350692e-14
8429.96 8.429845e-14
8432.34 8.484407e-14
8434.72 8.515425e-14
8437.10 8.580517e-14
8439.48 8.644419e-14
8441.86 8.690499e-14
8444.24 8.769707e-14
8446.62 8.862153e-14
8449.00 8.928901e-14
8451.38 8.995307e-14
8453.76 9.090986e-14
8456.14 9.166576e-14
8458.52 9.153156e-14
8460.90 9.171986e-14
8463.28 9.223913e-14
8465.66 9.292351e-14
8468.04 9.361501e-14
8470.42 9.392814e-14
8472.80 9.413991e-14
8475.18 9.423000e-14
8477.56 9.433150e-14
8479.94 9.476943e-14
8482.32 9.553250e-14
8484.70 9.596643e-14
8487.08 9.581422e-14
8489.46 9.577444e-14
8491.84 9.625570e-14
8494.22 9.688868e-14
8496.60 9.722692e-14
8498.98 9.723422e-14
8501.36 9.745765e-14
8503.74 9.771502e-14
8506.12 9.767882e-14
8508.50 9.780026e-14
8510.88 9.827485e-14
8513.26 9.844097e-14
8515.64 9.828689e-14
8518.02 9.833164e-14
8520.40 9.867637e-14
8522.78 9.874837e-14
8525.16 9.832118e-14
8527.54 9.810623e-14
8529.92 9.843236e-14
8532.30 9.893799e-14
8534.68 9.934576e-14
8537.06 9.931010e-14
8539.44 9.915770e-14
8541.82 9.905090e-14
8544.20 9.879452e-14
8546.58 9.845632e-14
8548.96 9.862598e-14
8551.34 9.904907e-14
8553.72 9.915449e-14
8556.10 9.894684e-14
8558.48 9.880176e-14
8560.86 9.856295e-14
8563.24 9.842496e-14
8565.62 9.843637e-14
8568.00 9.870058e-14
8570.38 9.926209e-14
8572.76 9.972160e-14
8575.14 9.971007e-14
8577.52 9.949137e-14
8579.90 9.894127e-14
8582.28 9.809342e-14
8584.66 9.769535e-14
8587.04 9.778583e-14
8589.42 9.808618e-14
8591.80 9.832127e-14
8594.18 9.847757e-14
8596.56 9.855042e-14
8598.94 9.815691e-14
8601.32 9.756117e-14
8603.70 9.728721e-14
8606.08 9.726873e-14
8608.46 9.715724e-14
8610.84 9.714587e-14
8613.22 9.730989e-14
8615.60 9.744971e-14
8617.98 9.737356e-14
8620.36 9.725331e-14
8622.74 9.724315e-14
8625.12 9.666777e-14
8627.50 9.627029e-14
8629.88 9.645496e-14
8632.26 9.668537e-14
8634.64 9.655034e-14
8637.02 9.668556e-14
8639.40 9.712523e-14
8641.78 9.736055e-14
8644.16 9.714760e-14
8646.54 9.680006e-14
8648.92 9.664717e-14
8651.30 9.639003e-14
8653.68 9.603989e-14
8656.06 9.580235e-14
8658.44 9.585465e-14
8660.82 9.617444e-14
8663.20 9.637813e-14
8665.58 9.652958e-14
8667.96 9.672007e-14
8670.34 9.686026e-14
8672.72 9.670071e-14
8675.10 9.612709e-14
8677.48 9.607932e-14
8679.86 9.612500e-14
8682.24 9.603965e-14
8684.62 9.620042e-14
8687.00 9.625875e-14
8689.38 9.643869e-14
8691.76 9.663558e-14
8694.14 9.672910e-14
8696.52 9.663484e-14
8698.90 9.616377e-14
8701.28 9.538107e-14
8703.66 9.457911e-14
8706.04 9.440162e-14
8708.42 9.496413e-14
8710.80 9.561087e-14
8713.18 9.598738e-14
8715.56 9.609758e-14
8717.94 9.613775e-14
8720.32 9.601325e-14
8722.70 9.555291e-14
8725.08 9.509696e-14
8727.46 9.492812e-14
8729.84 9.445477e-14
8732.22 9.395622e-14
8734.60 9.408111e-14
8736.98 9.451291e-14
8739.36 9.499883e-14
8741.74 9.527439e-14
8744.12 9.513519e-14
8746.50 9.452190e-14
8748.88 9.355990e-14
8751.26 9.256041e-14
8753.64 9.195419e-14
8756.02 9.199402e-14
8758.40 9.246962e-14
8760.78 9.289836e-14
8763.16 9.299620e-14
8765.54 9.271602e-14
8767.92 9.234711e-14
8770.30 9.216832e-14
8772.68 9.198316e-14
8775.06 9.134526e-14
8777.44 9.059535e-14
8779.82 8.999474e-14
8782.20 8.962897e-14
8784.58 8.951163e-14
8786.96 8.964327e-14
8789.34 8.990923e-14
8791.72 8.975310e-14
8794.10 8.913040e-14
8796.48 8.838931e-14
8798.86 8.775526e-14
8801.24 8.711520e-14
8803.62 8.631056e-14
8806.00 8.615544e-14
8808.38 8.635309e-14
8810.76 8.593350e-14
8813.14 8.524913e-14
8815.52 8.531288e-14
8817.90 8.533563e-14
8820.28 8.467476e-14
8822.66 8.376560e-14
8825.04 8.313490e-14
8827.42 8.229344e-14
8829.80 8.142324e-14
8832.18 8.086962e-14
8834.56 8.069575e-14
8836.94 8.066209e-14
8839.32 8.049732e-14
8841.70 8.020324e-14
8844.08 7.963360e-14
8846.46 7.874843e-14
8848.84 7.769466e-14
8851.22 7.662025e-14
8853.60 7.569069e-14
8855.98 7.537815e-14
8858.36 7.552546e-14
8860.74 7.553598e-14
8863.12 7.518860e-14
8865.50 7.477185e-14
8867.88 7.408403e-14
8870.26 7.316126e-14
8872.64 7.225466e-14
8875.02 7.150944e-14
8877.40 7.094751e-14
8879.78 7.068764e-14
8882.16 7.066030e-14
8884.54 7.071390e-14
8886.92 7.054861e-14
8889.30 6.992334e-14
8891.68 6.938052e-14
8894.06 6.871430e-14
8896.44 6.791011e-14
8898.82 6.725329e-14
8901.20 6.694638e-14
8903.58 6.703957e-14
8905.96 6.674757e-14
8908.34 6.625906e-14
8910.72 6.593260e-14
8913.10 6.571368e-14
8915.48 6.573732e-14
8917.86 6.570620e-14
8920.24 6.548536e-14
8922.62 6.514227e-14
8925.00 6.479189e-14
8927.38 6.449657e-14
8929.76 6.428365e-14
8932.14 6.446127e-14
8934.52 6.490521e-14
8936.90 6.518676e-14
8939.28 6.512704e-14
8941.66 6.487739e-14
8944.04 6.459254e-14
8946.42 6.432401e-14
8948.80 6.428328e-14
8951.18 6.450058e-14
8953.56 6.447368e-14
8955.94 6.461397e-14
8958.32 6.503147e-14
8960.70 6.543765e-14
8963.08 6.564383e-14
8965.46 6.562347e-14
8967.84 6.499178e-14
8970.22 6.449402e-14
8972.60 6.472724e-14
8974.98 6.514203e-14
8977.36 6.505230e-14
8979.74 6.540606e-14
8982.12 6.611645e-14
8984.50 6.673413e-14
8986.88 6.721448e-14
8989.26 6.763703e-14
8991.64 6.764306e-14
8994.02 6.733585e-14
8996.40 6.706076e-14
8998.78 6.689109e-14
9001.16 6.713372e-14
9003.54 6.823878e-14
9005.92 6.884394e-14
9008.30 6.933531e-14
9010.68 7.028162e-14
9013.06 7.134697e-14
9015.44 7.194906e-14
9017.82 7.210473e-14
9020.20 7.122023e-14
9022.58 6.984079e-14
9024.96 6.914243e-14
9027.34 6.938095e-14
9029.72 6.951364e-14
9032.10 6.899726e-14
9034.48 6.825407e-14
9036.86 6.747089e-14
9039.24 6.665102e-14
9041.62 6.618875e-14
9044.00 6.581627e-14
9046.38 6.552834e-14
9048.76 6.546368e-14
9051.14 6.531796e-14
9053.52 6.474079e-14
9055.90 6.454882e-14
9058.28 6.490817e-14
9060.66 6.548399e-14
9063.04 6.560253e-14
9065.42 6.505254e-14
9067.80 6.483034e-14
9070.18 6.518753e-14
9072.56 6.515317e-14
9074.94 6.480027e-14
9077.32 6.474799e-14
9079.70 6.450735e-14
9082.08 6.442733e-14
9084.46 6.450356e-14
9086.84 6.468812e-14
9089.22 6.478855e-14
9091.60 6.460370e-14
9093.98 6.465136e-14
9096.36 6.455567e-14
9098.74 6.459844e-14
9101.12 6.481391e-14
9103.50 6.453455e-14
9105.88 6.382054e-14
9108.26 6.349709e-14
9110.64 6.366246e-14
9113.02 6.377008e-14
9115.40 6.368358e-14
9117.78 6.394946e-14
9120.16 6.424726e-14
9122.54 6.432859e-14
9124.92 6.399884e-14
9127.30 6.373295e-14
9129.68 6.406694e-14
9132.06 6.367979e-14
9134.44 6.332121e-14
9136.82 6.315588e-14
9139.20 6.297587e-14
9141.58 6.299727e-14
9143.96 6.324306e-14
9146.34 6.385371e-14
9148.72 6.413790e-14
9151.10 6.398418e-14
9153.48 6.385775e-14
9155.86 6.371713e-14
9158.24 6.379715e-14
9160.62 6.367478e-14
9163.00 6.348282e-14
9165.38 6.368940e-14
9167.76 6.394161e-14
9170.14 6.336186e-14
9172.52 6.317552e-14
9174.90 6.361147e-14
9177.28 6.391267e-14
9179.66 6.379269e-14
9182.04 6.363626e-14
9184.42 6.364941e-14
9186.80 6.418670e-14
9189.18 6.454396e-14
9191.56 6.390954e-14
9193.94 6.318668e-14
9196.32 6.320057e-14
9198.70 6.347990e-14
9201.08 6.370488e-14
9203.46 6.411381e-14
9205.84 6.470746e-14
9208.22 6.500719e-14
9210.60 6.573515e-14
9212.98 6.645584e-14
9215.36 6.657473e-14
9217.74 6.642128e-14
9220.12 6.614591e-14
9222.50 6.582950e-14
9224.88 6.664814e-14
9227.26 6.793073e-14
9229.64 6.815186e-14
9232.02 6.828436e-14
9234.40 6.905038e-14
9236.78 6.904170e-14
9239.16 6.805738e-14
9241.54 6.787677e-14
9243.92 6.911892e-14
9246.30 6.878029e-14
9248.68 6.761093e-14
9251.06 6.674625e-14
9253.44 6.606361e-14
9255.82 6.553110e-14
9258.20 6.613928e-14
9260.58 6.699029e-14
9262.96 6.823611e-14
9265.34 6.921361e-14
9267.72 6.871277e-14
9270.10 6.757322e-14
9272.48 6.710752e-14
9274.86 6.665570e-14
9277.24 6.620746e-14
9279.62 6.624990e-14
9282.00 6.636459e-14
9284.38 6.645110e-14
9286.76 6.665715e-14
9289.14 6.730056e-14
9291.52 6.806235e-14
9293.90 6.827779e-14
9296.28 6.826510e-14
9298.66 6.811888e-14
9301.04 6.774909e-14
9303.42 6.722768e-14
9305.80 6.702078e-14
9308.18 6.757810e-14
9310.56 6.816938e-14
9312.94 6.815927e-14
9315.32 6.837742e-14
9317.70 6.896079e-14
9320.08 6.850931e-14
9322.46 6.811939e-14
9324.84 6.834639e-14
9327.22 6.798744e-14
9329.60 6.691541e-14
9331.98 6.655650e-14
9334.36 6.664538e-14
9336.74 6.722123e-14
9339.12 6.803585e-14
9341.50 6.913546e-14
9343.88 7.048939e-14
9346.26 7.093980e-14
9348.64 6.940210e-14
9351.02 6.696934e-14
9353.40 6.627626e-14
9355.78 6.760849e-14
9358.16 6.806507e-14
9360.54 6.741556e-14
9362.92 6.641548e-14
9365.30 6.631464e-14
9367.68 6.711610e-14
9370.06 6.746812e-14
9372.44 6.707789e-14
9374.82 6.639715e-14
9377.20 6.547324e-14
9379.58 6.528820e-14
9381.96 6.590549e-14
9384.34 6.488281e-14
9386.72 6.408258e-14
9389.10 6.353353e-14
9391.48 6.305494e-14
9393.86 6.290161e-14
9396.24 6.285815e-14
9398.62 6.310327e-14
9401.00 6.331753e-14
9403.38 6.360445e-14
9405.76 6.374025e-14
9408.14 6.323604e-14
9410.52 6.288490e-14
9412.90 6.277125e-14
9415.28 6.236679e-14
9417.66 6.179590e-14
9420.04 6.152442e-14
9422.42 6.138015e-14
9424.80 6.206633e-14
9427.18 6.358567e-14
9429.56 6.442215e-14
9431.94 6.348369e-14
9434.32 6.203947e-14
9436.70 6.186279e-14
9439.08 6.177681e-14
9441.46 6.185387e-14
9443.84 6.179688e-14
9446.22 6.044828e-14
9448.60 5.974369e-14
9450.98 5.986149e-14
9453.36 5.995701e-14
9455.74 6.005832e-14
9458.12 6.036067e-14
9460.50 5.993097e-14
9462.88 5.962565e-14
9465.26 5.902753e-14
9467.64 5.875036e-14
9470.02 5.912567e-14
9472.40 5.871812e-14
9474.78 5.852290e-14
9477.16 5.851468e-14
9479.54 5.852774e-14
9481.92 5.861118e-14
9484.30 5.834139e-14
9486.68 5.708247e-14
9489.06 5.689065e-14
9491.44 5.745979e-14
9493.82 5.793961e-14
9496.20 5.829287e-14
9498.58 5.793242e-14
9500.96 5.733657e-14
9503.34 5.675612e-14
9505.72 5.571827e-14
9508.10 5.436553e-14
9510.48 5.392658e-14
9512.86 5.424554e-14
9515.24 5.503692e-14
9517.62 5.636701e-14
9520.00 5.734660e-14
9522.38 5.688667e-14
9524.76 5.649347e-14
9527.14 5.637597e-14
9529.52 5.605653e-14
9531.90 5.553332e-14
9534.28 5.517493e-14
9536.66 5.498306e-14
9539.04 5.514011e-14
9541.42 5.563840e-14
9543.80 5.691849e-14
9546.18 5.845613e-14
9548.56 5.811236e-14
9550.94 5.593966e-14
9553.32 5.452523e-14
9555.70 5.369413e-14
9558.08 5.267067e-14
9560.46 5.221114e-14
9562.84 5.149433e-14
9565.22 5.157527e-14
9567.60 5.220248e-14
9569.98 5.239626e-14
9572.36 5.188313e-14
9574.74 5.119277e-14
9577.12 5.150054e-14
9579.50 5.166597e-14
9581.88 5.113850e-14
9584.26 5.058553e-14
9586.64 5.018045e-14
9589.02 4.994673e-14
9591.40 4.976246e-14
9593.78 4.943220e-14
9596.16 4.913282e-14
9598.54 4.913009e-14
9600.92 4.882014e-14
9603.30 4.807927e-14
9605.68 4.744263e-14
9608.06 4.728865e-14
9610.44 4.738761e-14
9612.82 4.735334e-14
9615.20 4.729355e-14
9617.58 4.727332e-14
9619.96 4.712045e-14
9622.34 4.691118e-14
9624.72 4.713141e-14
9627.10 4.760764e-14
9629.48 4.765613e-14
9631.86 4.695573e-14
9634.24 4.594549e-14
9636.62 4.519323e-14
9639.00 4.450324e-14
9641.38 4.427997e-14
9643.76 4.447047e-14
9646.14 4.477123e-14
9648.52 4.508825e-14
9650.90 4.530757e-14
9653.28 4.503222e-14
9655.66 4.479753e-14
9658.04 4.451166e-14
9660.42 4.385164e-14
9662.80 4.338124e-14
9665.18 4.284724e-14
9667.56 4.241348e-14
9669.94 4.227853e-14
9672.32 4.228240e-14
9674.70 4.208365e-14
9677.08 4.168829e-14
9679.46 4.160769e-14
9681.84 4.196281e-14
9684.22 4.220552e-14
9686.60 4.180805e-14
9688.98 4.108955e-14
9691.36 4.056925e-14
9693.74 4.024188e-14
9696.12 4.006526e-14
9698.50 4.016251e-14
9700.88 4.058848e-14