 3490.00 1.8108852e-16
 3491.47 3.8220313e-16
 3492.94 6.2060378e-16
 3494.41 4.5335294e-16
 3495.88 3.5884051e-16
 3497.35 5.3813867e-16
 3498.82 1.3207221e-16
 3500.29 3.5598455e-16
 3501.76 4.2470322e-16
 3503.23 5.7828866e-16
 3504.70 4.1946861e-16
 3506.17 4.8720652e-16
 3507.64 4.8302419e-16
 3509.11 5.1298708e-16
 3510.58 2.0818007e-16
 3512.05 2.7191552e-16
 3513.52 3.2185142e-16
 3514.99 5.0631479e-16
 3516.46 6.1685455e-16
 3517.93 5.5593414e-16
 3519.40 3.7664651e-16
 3520.87 3.8335954e-16
 3522.34 5.0084163e-16
 3523.81 5.0014691e-16
 3525.28 6.0321398e-16
 3526.75 5.5552518e-16
 3528.22 5.8896144e-16
 3529.69 4.7578508e-16
 3531.16 4.8074917e-16
 3532.63 5.8243939e-16
 3534.10 3.7513869e-16
 3535.57 3.1113820e-16
 3537.04 3.5592261e-16
 3538.51 3.3083553e-16
 3539.98 3.6117498e-16
 3541.45 4.3100848e-16
 3542.92 3.4380114e-16
 3544.39 3.5769844e-16
 3545.86 3.4756769e-16
 3547.33 3.9229574e-16
 3548.80 5.2060275e-16
 3550.27 4.2510659e-16
 3551.74 2.4622221e-16
 3553.21 3.7744492e-16
 3554.68 4.4107888e-16
 3556.15 4.1935024e-16
 3557.62 4.5000907e-16
 3559.09 5.3646646e-16
 3560.56 4.0324038e-16
 3562.03 6.6960649e-16
 3563.50 2.9019216e-16
 3564.97 3.8102308e-16
 3566.44 4.6543793e-16
 3567.91 4.5147581e-16
 3569.38 4.9072579e-16
 3570.85 5.0257159e-16
 3572.32 4.9992975e-16
 3573.79 5.3401362e-16
 3575.26 3.6899614e-16
 3576.73 4.7578423e-16
 3578.20 4.3310041e-16
 3579.67 3.0951436e-16
 3581.14 3.9193120e-16
 3582.61 5.7654123e-16
 3584.08 6.0928943e-16
 3585.55 4.0032254e-16
 3587.02 4.4694249e-16
 3588.49 3.2202287e-16
 3589.96 3.6728137e-16
 3591.43 4.3798324e-16
 3592.90 4.0052128e-16
 3594.37 4.2246562e-16
 3595.84 4.7650288e-16
 3597.31 3.1759739e-16
 3598.78 4.9183497e-16
 3600.25 7.5376191e-16
 3601.72 7.5487057e-16
 3603.19 6.0013793e-16
 3604.66 5.3842401e-16
 3606.13 4.7205056e-16
 3607.60 2.1667918e-16
 3609.07 5.7153479e-16
 3610.54 4.5547640e-16
 3612.01 5.3146818e-16
 3613.48 6.9987331e-16
 3614.95 6.1841658e-16
 3616.42 4.7077551e-16
 3617.89 4.8375169e-16
 3619.36 5.9670972e-16
 3620.83 5.1954613e-16
 3622.30 4.5697787e-16
 3623.77 6.0544909e-16
 3625.24 4.3118546e-16
 3626.71 5.6345066e-16
 3628.18 6.0752215e-16
 3629.65 7.4709751e-16
 3631.12 5.9555257e-16
 3632.59 6.8383479e-16
 3634.06 6.3532394e-16
 3635.53 4.0217654e-16
 3637.00 5.9404798e-16
 3638.47 5.9428557e-16
 3639.94 5.8888208e-16
 3641.41 5.2985103e-16
 3642.88 3.7207097e-16
 3644.35 5.0317473e-16
 3645.82 5.9489607e-16
 3647.29 4.7316002e-16
 3648.76 7.0485497e-16
 3650.23 7.2666385e-16
 3651.70 4.1106880e-16
 3653.17 5.9967699e-16
 3654.64 6.7727876e-16
 3656.11 5.9999828e-16
 3657.58 6.5602448e-16
 3659.05 6.6891854e-16
 3660.52 7.0642204e-16
 3661.99 5.3485684e-16
 3663.46 6.1236549e-16
 3664.93 6.1922545e-16
 3666.40 6.8390245e-16
 3667.87 5.9719550e-16
 3669.34 4.4820934e-16
 3670.81 5.2827317e-16
 3672.28 4.4198891e-16
 3673.75 6.5530847e-16
 3675.22 6.0011564e-16
 3676.69 6.8070966e-16
 3678.16 7.4944644e-16
 3679.63 5.0331741e-16
 3681.10 2.9710239e-16
 3682.57 4.4968259e-16
 3684.04 5.0846864e-16
 3685.51 5.6138575e-16
 3686.98 5.7165883e-16
 3688.45 5.2297577e-16
 3689.92 4.2915530e-16
 3691.39 3.6378183e-16
 3692.86 4.1382149e-16
 3694.33 4.9212942e-16
 3695.80 5.3797191e-16
 3697.27 4.6616464e-16
 3698.74 4.5321403e-16
 3700.21 5.7032851e-16
 3701.68 5.4516306e-16
 3703.15 4.4460659e-16
 3704.62 6.1767326e-16
 3706.09 5.1100968e-16
 3707.56 5.2086322e-16
 3709.03 6.0003163e-16
 3710.50 5.4872875e-16
 3711.97 5.0237942e-16
 3713.44 6.1550983e-16
 3714.91 6.0871446e-16
 3716.38 5.6404400e-16
 3717.85 4.6703671e-16
 3719.32 5.3814661e-16
 3720.79 6.2037974e-16
 3722.26 4.9422435e-16
 3723.73 3.7704957e-16
 3725.20 5.9543510e-16
 3726.67 6.1072563e-16
 3728.14 6.0735677e-16
 3729.61 5.1782920e-16
 3731.08 6.1318436e-16
 3732.55 5.8595008e-16
 3734.02 4.1383507e-16
 3735.49 4.0938773e-16
 3736.96 5.0751588e-16
 3738.43 5.1064837e-16
 3739.90 5.2736271e-16
 3741.37 4.2497229e-16
 3742.84 4.8976239e-16
 3744.31 6.2991135e-16
 3745.78 6.4332539e-16
 3747.25 6.2498151e-16
 3748.72 5.1276876e-16
 3750.19 6.1544800e-16
 3751.66 5.7992180e-16
 3753.13 4.7815830e-16
 3754.60 5.0170370e-16
 3756.07 5.3607815e-16
 3757.54 5.8117000e-16
 3759.01 5.4117486e-16
 3760.48 5.8581577e-16
 3761.95 6.2976434e-16
 3763.42 4.6265501e-16
 3764.89 5.2829546e-16
 3766.36 6.5267616e-16
 3767.83 6.1819186e-16
 3769.30 5.5727986e-16
 3770.77 6.0641058e-16
 3772.24 4.9720373e-16
 3773.71 4.1772618e-16
 3775.18 5.7023544e-16
 3776.65 5.8206511e-16
 3778.12 5.5387670e-16
 3779.59 5.3039731e-16
 3781.06 5.8469880e-16
 3782.53 5.3575114e-16
 3784.00 4.5812841e-16
 3785.47 3.6051517e-16
 3786.94 4.2012567e-16
 3788.41 4.8379293e-16
 3789.88 3.9850568e-16
 3791.35 4.1160634e-16
 3792.82 3.9116900e-16
 3794.29 3.6610776e-16
 3795.76 3.8972769e-16
 3797.23 5.0823094e-16
 3798.70 4.2019041e-16
 3800.17 4.6873109e-16
 3801.64 4.4127804e-16
 3803.11 4.9463638e-16
 3804.58 4.7160036e-16
 3806.05 4.9226569e-16
 3807.52 5.4451269e-16
 3808.99 4.8382030e-16
 3810.46 5.7062429e-16
 3811.93 4.2268119e-16
 3813.40 4.1804136e-16
 3814.87 4.5209436e-16
 3816.34 4.6726144e-16
 3817.81 4.6026950e-16
 3819.28 5.5575483e-16
 3820.75 3.9064339e-16
 3822.22 3.5165417e-16
 3823.69 4.2752188e-16
 3825.16 3.4807636e-16
 3826.63 4.3937648e-16
 3828.10 4.7814904e-16
 3829.57 4.6162629e-16
 3831.04 4.1081521e-16
 3832.51 4.2237938e-16
 3833.98 4.3348166e-16
 3835.45 4.6160289e-16
 3836.92 4.6422414e-16
 3838.39 4.7976846e-16
 3839.86 3.3550559e-16
 3841.33 3.8936215e-16
 3842.80 4.9943508e-16
 3844.27 4.7588974e-16
 3845.74 4.1355844e-16
 3847.21 3.6591005e-16
 3848.68 3.2046414e-16
 3850.15 3.8101368e-16
 3851.62 4.6349436e-16
 3853.09 4.1145433e-16
 3854.56 4.3226564e-16
 3856.03 5.2710691e-16
 3857.50 4.2640345e-16
 3858.97 3.3380372e-16
 3860.44 2.8864302e-16
 3861.91 2.2332826e-16
 3863.38 3.8143932e-16
 3864.85 4.7993967e-16
 3866.32 4.3282256e-16
 3867.79 4.7512185e-16
 3869.26 4.2927037e-16
 3870.73 3.6553249e-16
 3872.20 2.8666827e-16
 3873.67 3.5821299e-16
 3875.14 3.6626083e-16
 3876.61 3.6674253e-16
 3878.08 3.3248407e-16
 3879.55 3.1104752e-16
 3881.02 3.1583603e-16
 3882.49 3.6735401e-16
 3883.96 3.7632311e-16
 3885.43 3.1426262e-16
 3886.90 2.9452545e-16
 3888.37 3.2597367e-16
 3889.84 4.3738013e-16
 3891.31 4.1052021e-16
 3892.78 3.5578798e-16
 3894.25 3.0102950e-16
 3895.72 3.2626200e-16
 3897.19 3.9640133e-16
 3898.66 2.7527668e-16
 3900.13 2.6293732e-16
 3901.60 3.8637260e-16
 3903.07 3.7170876e-16
 3904.54 3.6197461e-16
 3906.01 3.8765802e-16
 3907.48 4.8123790e-16
 3908.95 4.6562677e-16
 3910.42 4.9615643e-16
 3911.89 4.7324885e-16
 3913.36 4.8386858e-16
 3914.83 4.5450708e-16
 3916.30 4.9876047e-16
 3917.77 5.3633533e-16
 3919.24 4.4689718e-16
 3920.71 4.6329124e-16
 3922.18 4.9397103e-16
 3923.65 4.2109319e-16
 3925.12 4.9443224e-16
 3926.59 3.9916962e-16
 3928.06 4.5830475e-16
 3929.53 4.9801641e-16
 3931.00 4.7328850e-16
 3932.47 4.8214396e-16
 3933.94 4.9829556e-16
 3935.41 4.6417993e-16
 3936.88 4.3652653e-16
 3938.35 5.0118251e-16
 3939.82 5.8463358e-16
 3941.29 6.1029015e-16
 3942.76 5.2939485e-16
 3944.23 5.1862430e-16
 3945.70 5.5663469e-16
 3947.17 4.9456142e-16
 3948.64 6.1116392e-16
 3950.11 6.3132002e-16
 3951.58 5.7376561e-16
 3953.05 6.1144471e-16
 3954.52 6.0699096e-16
 3955.99 6.4776283e-16
 3957.46 7.2669715e-16
 3958.93 6.6195852e-16
 3960.40 6.3079073e-16
 3961.87 6.0651837e-16
 3963.34 6.9885523e-16
 3964.81 6.7556198e-16
 3966.28 6.4612716e-16
 3967.75 6.8129020e-16
 3969.22 6.8734066e-16
 3970.69 6.1579682e-16
 3972.16 7.1203723e-16
 3973.63 7.9035908e-16
 3975.10 7.3429720e-16
 3976.57 7.1878676e-16
 3978.04 7.2137016e-16
 3979.51 7.8663510e-16
 3980.98 8.5250880e-16
 3982.45 8.1757171e-16
 3983.92 8.2423723e-16
 3985.39 8.5726225e-16
 3986.86 9.1868008e-16
 3988.33 8.6273752e-16
 3989.80 7.5647761e-16
 3991.27 8.3851857e-16
 3992.74 9.2258447e-16
 3994.21 9.4888919e-16
 3995.68 8.6052179e-16
 3997.15 9.2853213e-16
 3998.62 1.0120202e-15
 4000.09 1.0193478e-15
 4001.56 9.5949002e-16
 4003.03 9.1551969e-16
 4004.50 9.5921568e-16
 4005.97 9.6430476e-16
 4007.44 9.3984828e-16
 4008.91 9.0163682e-16
 4010.38 8.5832686e-16
 4011.85 9.0709415e-16
 4013.32 9.6087650e-16
 4014.79 9.6863480e-16
 4016.26 9.3693787e-16
 4017.73 9.7291602e-16
 4019.20 1.0224212e-15
 4020.67 9.6452436e-16
 4022.14 9.0885746e-16
 4023.61 8.9880477e-16
 4025.08 9.3216749e-16
 4026.55 9.9301431e-16
 4028.02 9.8538540e-16
 4029.49 8.7711056e-16
 4030.96 8.9169721e-16
 4032.43 1.0009976e-15
 4033.90 9.9199533e-16
 4035.37 9.1835598e-16
 4036.84 9.5012247e-16
 4038.31 9.3230375e-16
 4039.78 9.9183185e-16
 4041.25 8.9313939e-16
 4042.72 7.7095292e-16
 4044.19 8.2879834e-16
 4045.66 8.5343747e-16
 4047.13 9.1550370e-16
 4048.60 8.6459051e-16
 4050.07 8.3768202e-16
 4051.54 8.6783412e-16
 4053.01 8.2522661e-16
 4054.48 8.2731677e-16
 4055.95 8.2940693e-16
 4057.42 8.3149704e-16
 4058.89 8.3358715e-16
 4060.36 8.3358715e-16
 4061.83 7.5433774e-16
 4063.30 8.1108100e-16
 4064.77 8.2535346e-16
 4066.24 7.5357668e-16
 4067.71 8.4315550e-16
 4069.18 7.8021200e-16
 4070.65 6.8198132e-16
 4072.12 7.1125807e-16
 4073.59 7.2403233e-16
 4075.06 7.3710432e-16
 4076.53 6.3184184e-16
 4078.00 6.3026917e-16
 4079.47 7.6877960e-16
 4080.94 7.7166671e-16
 4082.41 6.4940438e-16
 4083.88 6.6114606e-16
 4085.35 6.8645477e-16
 4086.82 6.2235582e-16
 4088.29 6.6570617e-16
 4089.76 7.4886135e-16
 4091.23 6.9856734e-16
 4092.70 7.0001767e-16
 4094.17 7.0897918e-16
 4095.64 7.3718024e-16
 4097.11 6.6268962e-16
 4098.58 5.9295567e-16
 4100.05 6.6410761e-16
 4101.52 6.6081365e-16
 4102.99 6.6156375e-16
 4104.46 6.4869293e-16
 4105.93 6.1801520e-16
 4107.40 6.3488619e-16
 4108.87 6.9250746e-16
 4110.34 6.4663835e-16
 4111.81 6.3966139e-16
 4113.28 6.5120708e-16
 4114.75 6.1336017e-16
 4116.22 6.2844381e-16
 4117.69 6.5802718e-16
 4119.16 6.6680096e-16
 4120.63 6.5756666e-16
 4122.10 6.5143525e-16
 4123.57 6.4095306e-16
 4125.04 6.7148405e-16
 4126.51 7.0462061e-16
 4127.98 7.4775650e-16
 4129.45 7.2908874e-16
 4130.92 6.4097233e-16
 4132.39 6.2459225e-16
 4133.86 6.6896767e-16
 4135.33 6.4062409e-16
 4136.80 6.0965662e-16
 4138.27 6.6601629e-16
 4139.74 7.3064856e-16
 4141.21 7.1884632e-16
 4142.68 7.2767039e-16
 4144.15 7.6170375e-16
 4145.62 7.4284657e-16
 4147.09 7.4767842e-16
 4148.56 6.8523520e-16
 4150.03 6.2606132e-16
 4151.50 6.4557262e-16
 4152.97 6.7828535e-16
 4154.44 6.6818162e-16
 4155.91 6.6440349e-16
 4157.38 7.1264376e-16
 4158.85 7.4868183e-16
 4160.32 7.2078639e-16
 4161.79 7.1895193e-16
 4163.26 8.2817784e-16
 4164.73 8.5265809e-16
 4166.20 7.8523348e-16
 4167.67 7.7397900e-16
 4169.14 7.2095395e-16
 4170.61 8.4039396e-16
 4172.08 7.8581195e-16
 4173.55 7.4325897e-16
 4175.02 7.7521461e-16
 4176.49 7.7217890e-16
 4177.96 7.6374992e-16
 4179.43 7.4220748e-16
 4180.90 7.3971583e-16
 4182.37 7.7196539e-16
 4183.84 8.4323427e-16
 4185.31 8.2330581e-16
 4186.78 8.3093980e-16
 4188.25 7.9090706e-16
 4189.72 8.1248914e-16
 4191.19 8.2285900e-16
 4192.66 8.8794522e-16
 4194.13 8.3527380e-16
 4195.60 8.5317261e-16
 4197.07 8.6769653e-16
 4198.54 8.6517539e-16
 4200.01 8.7182534e-16
 4201.48 8.4724428e-16
 4202.95 9.1184928e-16
 4204.42 9.0213488e-16
 4205.89 8.5534329e-16
 4207.36 8.4255177e-16
 4208.83 8.8315133e-16
 4210.30 8.9248622e-16
 4211.77 9.3506318e-16
 4213.24 9.2654774e-16
 4214.71 8.8656069e-16
 4216.18 8.7140383e-16
 4217.65 8.3458283e-16
 4219.12 8.4733131e-16
 4220.59 9.2459798e-16
 4222.06 9.3584446e-16
 4223.53 9.6214155e-16
 4225.00 9.7019366e-16
 4226.47 9.0948204e-16
 4227.94 8.4112235e-16
 4229.41 8.6352288e-16
 4230.88 8.8344144e-16
 4232.35 9.3841986e-16
 4233.82 9.2024370e-16
 4235.29 8.9817955e-16
 4236.76 9.6456067e-16
 4238.23 9.5855521e-16
 4239.70 8.8021996e-16
 4241.17 9.0043329e-16
 4242.64 9.8606652e-16
 4244.11 9.0309107e-16
 4245.58 8.3160578e-16
 4247.05 8.3199001e-16
 4248.52 8.6575539e-16
 4249.99 9.2362675e-16
 4251.46 8.7900246e-16
 4252.93 8.3449077e-16
 4254.40 8.8933420e-16
 4255.87 8.5499474e-16
 4257.34 8.2390683e-16
 4258.81 8.4313173e-16
 4260.28 9.1994014e-16
 4261.75 9.0837772e-16
 4263.22 8.6858856e-16
 4264.69 8.9752045e-16
 4266.16 8.6708582e-16
 4267.63 8.9829612e-16
 4269.10 8.7633219e-16
 4270.57 8.4024202e-16
 4272.04 8.4568500e-16
 4273.51 7.8197944e-16
 4274.98 7.6176156e-16
 4276.45 8.2069578e-16
 4277.92 8.6605890e-16
 4279.39 8.1788411e-16
 4280.86 7.7497797e-16
 4282.33 8.2002128e-16
 4283.80 8.7279630e-16
 4285.27 8.7650308e-16
 4286.74 8.5203865e-16
 4288.21 8.5906214e-16
 4289.68 8.3576100e-16
 4291.15 8.2831940e-16
 4292.62 8.4938971e-16
 4294.09 8.5192064e-16
 4295.56 8.1714931e-16
 4297.03 7.7924167e-16
 4298.50 7.9288150e-16
 4299.97 8.2669754e-16
 4301.44 8.4617819e-16
 4302.91 8.5712270e-16
 4304.38 8.4415605e-16
 4305.85 8.2187014e-16
 4307.32 8.3199705e-16
 4308.79 8.2174086e-16
 4310.26 8.3821745e-16
 4311.73 8.8414268e-16
 4313.20 8.2313026e-16
 4314.67 7.3565420e-16
 4316.14 8.1967897e-16
 4317.61 8.5846943e-16
 4319.08 7.8608967e-16
 4320.55 7.9581964e-16
 4322.02 7.9197512e-16
 4323.49 7.8565011e-16
 4324.96 7.9038074e-16
 4326.43 7.8606039e-16
 4327.90 8.2404998e-16
 4329.37 8.3493165e-16
 4330.84 7.6326351e-16
 4332.31 7.4272836e-16
 4333.78 7.8100975e-16
 4335.25 7.8971200e-16
 4336.72 7.9012366e-16
 4338.19 7.4007492e-16
 4339.66 7.2823975e-16
 4341.13 7.8315449e-16
 4342.60 7.9233669e-16
 4344.07 7.4796011e-16
 4345.54 7.8938277e-16
 4347.01 8.0427758e-16
 4348.48 7.8197902e-16
 4349.95 7.6207808e-16
 4351.42 7.5967468e-16
 4352.89 7.7946486e-16
 4354.36 7.3771636e-16
 4355.83 7.2491001e-16
 4357.30 7.0703831e-16
 4358.77 7.0145212e-16
 4360.24 6.3680773e-16
 4361.71 6.2540593e-16
 4363.18 6.5965915e-16
 4364.65 6.9175323e-16
 4366.12 6.9119159e-16
 4367.59 6.4750227e-16
 4369.06 6.6105585e-16
 4370.53 6.9898551e-16
 4372.00 7.2095395e-16
 4373.47 7.3170634e-16
 4374.94 6.7708055e-16
 4376.41 6.1748734e-16
 4377.88 6.3168504e-16
 4379.35 5.9750318e-16
 4380.82 6.2217678e-16
 4382.29 6.3493166e-16
 4383.76 6.1867763e-16
 4385.23 6.4315842e-16
 4386.70 6.1378527e-16
 4388.17 5.7686671e-16
 4389.64 5.4831741e-16
 4391.11 5.4493420e-16
 4392.58 5.7063122e-16
 4394.05 5.3480993e-16
 4395.52 6.1094469e-16
 4396.99 5.7663356e-16
 4398.46 5.3855620e-16
 4399.93 5.0104116e-16
 4401.40 5.3459865e-16
 4402.87 5.9869940e-16
 4404.34 5.6455424e-16
 4405.81 4.9219878e-16
 4407.28 4.9123369e-16
 4408.75 5.3847171e-16
 4410.22 5.2775912e-16
 4411.69 4.8327904e-16
 4413.16 4.9781010e-16
 4414.63 4.5303022e-16
 4416.10 4.2605183e-16
 4417.57 4.7558957e-16
 4419.04 4.3332980e-16
 4420.51 4.4644899e-16
 4421.98 4.4534626e-16
 4423.45 4.3243854e-16
 4424.92 4.3051336e-16
 4426.39 4.0892477e-16
 4427.86 4.4239088e-16
 4429.33 4.8069130e-16
 4430.80 4.7365728e-16
 4432.27 4.5362558e-16
 4433.74 4.3207495e-16
 4435.21 4.8777499e-16
 4436.68 5.0317770e-16
 4438.15 4.6147557e-16
 4439.62 4.2947673e-16
 4441.09 4.6303527e-16
 4442.56 4.7074269e-16
 4444.03 4.9691204e-16
 4445.50 4.8090889e-16
 4446.97 4.4154022e-16
 4448.44 4.4368041e-16
 4449.91 4.5910636e-16
 4451.38 4.6891665e-16
 4452.85 4.7916199e-16
 4454.32 4.5241983e-16
 4455.79 4.5613333e-16
 4457.26 4.4406555e-16
 4458.73 4.5909652e-16
 4460.20 4.7088245e-16
 4461.67 4.8162510e-16
 4463.14 4.7945469e-16
 4464.61 4.9538611e-16
 4466.08 5.1370928e-16
 4467.55 5.0585824e-16
 4469.02 4.8516745e-16
 4470.49 4.9113347e-16
 4471.96 4.7813078e-16
 4473.43 4.5325416e-16
 4474.90 4.4815799e-16
 4476.37 4.9313824e-16
 4477.84 5.0119924e-16
 4479.31 4.5993164e-16
 4480.78 4.4761191e-16
 4482.25 4.7872407e-16
 4483.72 4.8723723e-16
 4485.19 4.8349186e-16
 4486.66 5.0135155e-16
 4488.13 5.0401234e-16
 4489.60 4.9728934e-16
 4491.07 5.2640419e-16
 4492.54 5.2629566e-16
 4494.01 5.1311133e-16
 4495.48 5.0907077e-16
 4496.95 4.6820906e-16
 4498.42 4.6931290e-16
 4499.89 5.3303614e-16
 4501.36 5.3264608e-16
 4502.83 5.0747120e-16
 4504.30 5.4378213e-16
 4505.77 5.4437299e-16
 4507.24 5.1383152e-16
 4508.71 5.3019567e-16
 4510.18 5.5056580e-16
 4511.65 5.1747773e-16
 4513.12 5.4772618e-16
 4514.59 6.0240914e-16
 4516.06 5.8519643e-16
 4517.53 5.4020850e-16
 4519.00 5.1386011e-16
 4520.47 5.2852659e-16
 4521.94 5.3045216e-16
 4523.41 5.2972572e-16
 4524.88 5.6766025e-16
 4526.35 5.8305772e-16
 4527.82 5.8410979e-16
 4529.29 5.7749198e-16
 4530.76 5.6603226e-16
 4532.23 5.3815899e-16
 4533.70 5.5310685e-16
 4535.17 5.7324463e-16
 4536.64 5.3634947e-16
 4538.11 5.1123695e-16
 4539.58 5.4023184e-16
 4541.05 6.0511017e-16
 4542.52 5.9712678e-16
 4543.99 5.8695720e-16
 4545.46 5.8520495e-16
 4546.93 5.7144247e-16
 4548.40 5.6828303e-16
 4549.87 5.4455473e-16
 4551.34 5.6564040e-16
 4552.81 6.2247080e-16
 4554.28 6.1192027e-16
 4555.75 6.1771132e-16
 4557.22 6.0489010e-16
 4558.69 5.5184609e-16
 4560.16 5.8943800e-16
 4561.63 6.0426399e-16
 4563.10 5.9256816e-16
 4564.57 6.2039049e-16
 4566.04 6.0951406e-16
 4567.51 6.2645085e-16
 4568.98 6.3017928e-16
 4570.45 5.8181618e-16
 4571.92 6.0906656e-16
 4573.39 6.6068940e-16
 4574.86 6.3579849e-16
 4576.33 6.0142447e-16
 4577.80 6.2157258e-16
 4579.27 6.2690714e-16
 4580.74 6.5300459e-16
 4582.21 6.7705106e-16
 4583.68 6.6037865e-16
 4585.15 6.6229406e-16
 4586.62 6.6760670e-16
 4588.09 7.0485264e-16
 4589.56 7.1649559e-16
 4591.03 6.6860731e-16
 4592.50 6.7940486e-16
 4593.97 7.0817434e-16
 4595.44 7.0106916e-16
 4596.91 7.0589656e-16
 4598.38 6.8479194e-16
 4599.85 7.1023803e-16
 4601.32 7.6072564e-16
 4602.79 7.1788917e-16
 4604.26 7.0225818e-16
 4605.73 7.3545700e-16
 4607.20 7.6306339e-16
 4608.67 7.7899619e-16
 4610.14 7.4866579e-16
 4611.61 7.4429934e-16
 4613.08 7.8770226e-16
 4614.55 8.0661730e-16
 4616.02 7.8574323e-16
 4617.49 8.0502578e-16
 4618.96 8.2800155e-16
 4620.43 8.3698947e-16
 4621.90 8.6016598e-16
 4623.37 8.4753757e-16
 4624.84 8.5817905e-16
 4626.31 8.7347181e-16
 4627.78 8.5739348e-16
 4629.25 8.6587207e-16
 4630.72 8.7578665e-16
 4632.19 8.8797164e-16
 4633.66 8.8089378e-16
 4635.13 8.4745403e-16
 4636.60 8.3755375e-16
 4638.07 8.3585884e-16
 4639.54 8.7643875e-16
 4641.01 9.1136256e-16
 4642.48 8.9151679e-16
 4643.95 8.8678510e-16
 4645.42 8.8225724e-16
 4646.89 9.0534312e-16
 4648.36 9.1468282e-16
 4649.83 8.6963613e-16
 4651.30 8.5886891e-16
 4652.77 8.9155755e-16
 4654.24 9.2122456e-16
 4655.71 9.3575023e-16
 4657.18 9.4797937e-16
 4658.65 9.2265139e-16
 4660.12 8.9621655e-16
 4661.59 9.0338658e-16
 4663.06 9.1588561e-16
 4664.53 9.4462628e-16
 4666.00 9.4587481e-16
 4667.47 9.3213117e-16
 4668.94 9.2934284e-16
 4670.41 9.3323528e-16
 4671.88 9.3446538e-16
 4673.35 9.2884225e-16
 4674.82 9.2128968e-16
 4676.29 8.9267193e-16
 4677.76 9.0004355e-16
 4679.23 9.5825504e-16
 4680.70 9.8136761e-16
 4682.17 9.5720663e-16
 4683.64 9.6108159e-16
 4685.11 9.6625379e-16
 4686.58 9.0375641e-16
 4688.05 8.7117535e-16
 4689.52 9.0130648e-16
 4690.99 9.0383731e-16
 4692.46 8.8498177e-16
 4693.93 8.9540710e-16
 4695.40 8.9871085e-16
 4696.87 8.8588275e-16
 4698.34 8.9103303e-16
 4699.81 9.1229514e-16
 4701.28 9.1491089e-16
 4702.75 8.8053432e-16
 4704.22 8.7689943e-16
 4705.69 8.9374840e-16
 4707.16 8.8959836e-16
 4708.63 8.6565984e-16
 4710.10 8.3844657e-16
 4711.57 8.2751667e-16
 4713.04 8.4588442e-16
 4714.51 8.1760014e-16
 4715.98 7.8974832e-16
 4717.45 8.2173356e-16
 4718.92 8.2239043e-16
 4720.39 8.2488214e-16
 4721.86 8.2828435e-16
 4723.33 7.9930015e-16
 4724.80 7.8461302e-16
 4726.27 7.9018338e-16
 4727.74 8.0995900e-16
 4729.21 8.1065537e-16
 4730.68 7.5358785e-16
 4732.15 7.2869022e-16
 4733.62 7.6921063e-16
 4735.09 7.7264546e-16
 4736.56 7.6861310e-16
 4738.03 7.9507595e-16
 4739.50 7.9011339e-16
 4740.97 8.1983424e-16
 4742.44 8.3783285e-16
 4743.91 7.8949686e-16
 4745.38 7.5636739e-16
 4746.85 7.2718726e-16
 4748.32 7.6005913e-16
 4749.79 7.7434481e-16
 4751.26 7.1428917e-16
 4752.73 6.9645352e-16
 4754.20 7.1529783e-16
 4755.67 6.9757684e-16
 4757.14 6.7332311e-16
 4758.61 6.8669633e-16
 4760.08 7.2107385e-16
 4761.55 7.2106380e-16
 4763.02 7.1429722e-16
 4764.49 7.2169399e-16
 4765.96 6.9759357e-16
 4767.43 7.0903545e-16
 4768.90 7.1638097e-16
 4770.37 6.7002905e-16
 4771.84 6.3809888e-16
 4773.31 6.6857533e-16
 4774.78 6.9703511e-16
 4776.25 6.6980528e-16
 4777.72 6.4661542e-16
 4779.19 6.2680094e-16
 4780.66 5.9805592e-16
 4782.13 6.0599966e-16
 4783.60 6.5525765e-16
 4785.07 6.8478696e-16
 4786.54 6.5493630e-16
 4788.01 6.2922600e-16
 4789.48 5.9872053e-16
 4790.95 5.7708752e-16
 4792.42 6.1464459e-16
 4793.89 6.4129780e-16
 4795.36 6.1473437e-16
 4796.83 6.0114992e-16
 4798.30 6.1854168e-16
 4799.77 6.0878910e-16
 4801.24 5.8460843e-16
 4802.71 5.7080163e-16
 4804.18 5.6346331e-16
 4805.65 5.5747341e-16
 4807.12 5.4184682e-16
 4808.59 5.2180385e-16
 4810.06 5.4928827e-16
 4811.53 5.6358571e-16
 4813.00 5.3515632e-16
 4814.47 5.5397172e-16
 4815.94 5.6430034e-16
 4817.41 5.0153541e-16
 4818.88 4.8227721e-16
 4820.35 5.1329752e-16
 4821.82 5.4320763e-16
 4823.29 5.2706652e-16
 4824.76 5.0961076e-16
 4826.23 5.0263697e-16
 4827.70 5.1293732e-16
 4829.17 5.2592011e-16
 4830.64 4.9300827e-16
 4832.11 4.9493342e-16
 4833.58 5.0751085e-16
 4835.05 5.1718773e-16
 4836.52 5.3248012e-16
 4837.99 5.1882002e-16
 4839.46 5.2887483e-16
 4840.93 5.6031298e-16
 4842.40 5.4563867e-16
 4843.87 5.2877943e-16
 4845.34 5.3314816e-16
 4846.81 5.3994729e-16
 4848.28 5.0437466e-16
 4849.75 4.9684459e-16
 4851.22 5.3716378e-16
 4852.69 5.4335094e-16
 4854.16 5.1190897e-16
 4855.63 4.9705921e-16
 4857.10 5.3457245e-16
 4858.57 5.7650359e-16
 4860.04 5.4661164e-16
 4861.51 5.3418382e-16
 4862.98 5.5184641e-16
 4864.45 5.4959897e-16
 4865.92 5.4052391e-16
 4867.39 5.2097349e-16
 4868.86 5.2325963e-16
 4870.33 5.2350940e-16
 4871.80 5.1468353e-16
 4873.27 5.3879607e-16
 4874.74 5.3342122e-16
 4876.21 4.9781646e-16
 4877.68 4.9327281e-16
 4879.15 4.8124330e-16
 4880.62 5.0709803e-16
 4882.09 5.2350061e-16
 4883.56 5.0643009e-16
 4885.03 5.2545742e-16
 4886.50 5.3659632e-16
 4887.97 5.0742631e-16
 4889.44 4.9388961e-16
 4890.91 4.8933617e-16
 4892.38 4.8933385e-16
 4893.85 5.1917243e-16
 4895.32 5.0403876e-16
 4896.79 4.3553757e-16
 4898.26 4.4356439e-16
 4899.73 4.7887839e-16
 4901.20 4.5833577e-16
 4902.67 4.4700994e-16
 4904.14 4.6006542e-16
 4905.61 4.6877980e-16
 4907.08 4.5373347e-16
 4908.55 4.3206740e-16
 4910.02 4.4510591e-16
 4911.49 4.6648963e-16
 4912.96 4.6023440e-16
 4914.43 4.6260397e-16
 4915.90 4.5120460e-16
 4917.37 4.5118560e-16
 4918.84 4.4313061e-16
 4920.31 4.0569652e-16
 4921.78 4.0793504e-16
 4923.25 4.4162567e-16
 4924.72 4.4822199e-16
 4926.19 4.4508140e-16
 4927.66 4.0714632e-16
 4929.13 3.9242009e-16
 4930.60 4.4021544e-16
 4932.07 4.8237912e-16
 4933.54 4.5869449e-16
 4935.01 4.4399336e-16
 4936.48 4.5158667e-16
 4937.95 4.5692933e-16
 4939.42 4.3992051e-16
 4940.89 3.8256677e-16
 4942.36 3.8429162e-16
 4943.83 4.7303190e-16
 4945.30 4.3026913e-16
 4946.77 4.0112725e-16
 4948.24 4.6880383e-16
 4949.71 4.8929801e-16
 4951.18 4.4636545e-16
 4952.65 4.0226383e-16
 4954.12 3.9580595e-16
 4955.59 4.1520134e-16
 4957.06 4.1160928e-16
 4958.53 3.8796928e-16
 4960.00 3.9820483e-16
 4961.47 3.8902180e-16
 4962.94 3.5901907e-16
 4964.41 3.3618669e-16
 4965.88 3.6941097e-16
 4967.35 4.2554734e-16
 4968.82 3.9215961e-16
 4970.29 3.8238207e-16
 4971.76 3.9055268e-16
 4973.23 3.9672379e-16
 4974.70 4.0502355e-16
 4976.17 3.8594397e-16
 4977.64 3.7065000e-16
 4979.11 3.6805127e-16
 4980.58 3.7737337e-16
 4982.05 3.8677454e-16
 4983.52 3.8056653e-16
 4984.99 3.8126099e-16
 4986.46 3.3923421e-16
 4987.93 3.3075141e-16
 4989.40 3.6153894e-16
 4990.87 3.4420690e-16
 4992.34 3.3010481e-16
 4993.81 3.4209043e-16
 4995.28 3.2331250e-16
 4996.75 2.9525512e-16
 4998.22 3.0841558e-16
 4999.69 3.5297546e-16
 5001.16 3.7666356e-16
 5002.63 3.7124991e-16
 5004.10 3.5352011e-16
 5005.57 3.4856653e-16
 5007.04 3.4393267e-16
 5008.51 3.4571388e-16
 5009.98 3.4169264e-16
 5011.45 3.3950949e-16
 5012.92 3.5579105e-16
 5014.39 3.5653218e-16
 5015.86 3.6102709e-16
 5017.33 3.7542483e-16
 5018.80 3.9594018e-16
 5020.27 3.8747795e-16
 5021.74 3.8924592e-16
 5023.21 4.1514376e-16
 5024.68 4.2604137e-16
 5026.15 4.2653898e-16
 5027.62 4.1522887e-16
 5029.09 4.0817607e-16
 5030.56 4.0594703e-16
 5032.03 4.2539588e-16
 5033.50 4.2799265e-16
 5034.97 4.3058941e-16
 5036.44 4.3318618e-16
 5037.91 4.3578291e-16
 5039.38 4.3837968e-16
 5040.85 4.4097644e-16
 5042.32 4.4097644e-16
 5043.79 4.1565892e-16
 5045.26 4.0514499e-16
 5046.73 4.3306780e-16
 5048.20 4.2634699e-16
 5049.67 4.1134752e-16
 5051.14 4.5295145e-16
 5052.61 4.5055334e-16
 5054.08 4.3149089e-16
 5055.55 4.3484541e-16
 5057.02 4.2553419e-16
 5058.49 4.4187570e-16
 5059.96 4.4054991e-16
 5061.43 4.3339447e-16
 5062.90 4.2103160e-16
 5064.37 4.2241716e-16
 5065.84 4.3909931e-16
 5067.31 4.4029204e-16
 5068.78 4.2814220e-16
 5070.25 4.0916178e-16
 5071.72 3.9924467e-16
 5073.19 4.1589646e-16
 5074.66 4.0037289e-16
 5076.13 3.7312122e-16
 5077.60 3.9718341e-16
 5079.07 4.4088642e-16
 5080.54 4.2472477e-16
 5082.01 4.0664379e-16
 5083.48 4.3377245e-16
 5084.95 4.4986857e-16
 5086.42 4.3812774e-16
 5087.89 4.1450110e-16
 5089.36 4.2074993e-16
 5090.83 4.6038591e-16
 5092.30 4.5034402e-16
 5093.77 4.2308835e-16
 5095.24 4.4819065e-16
 5096.71 4.6329748e-16
 5098.18 4.4447980e-16
 5099.65 4.5409225e-16
 5101.12 4.7310247e-16
 5102.59 4.4183282e-16
 5104.06 4.3043912e-16
 5105.53 4.4988440e-16
 5107.00 4.2085398e-16
 5108.47 3.9880101e-16
 5109.94 4.1255240e-16
 5111.41 4.3403064e-16
 5112.88 4.2464999e-16
 5114.35 4.0295912e-16
 5115.82 4.1197475e-16
 5117.29 4.2324542e-16
 5118.76 4.5007514e-16
 5120.23 4.6107894e-16
 5121.70 4.4367763e-16
 5123.17 4.5344744e-16
 5124.64 4.4896558e-16
 5126.11 4.4919311e-16
 5127.58 4.8699889e-16
 5129.05 4.7307722e-16
 5130.52 4.3904526e-16
 5131.99 4.2522573e-16
 5133.46 3.8794506e-16
 5134.93 3.8901298e-16
 5136.40 4.2728302e-16
 5137.87 4.4619779e-16
 5139.34 4.5560176e-16
 5140.81 4.5843001e-16
 5142.28 4.4965771e-16
 5143.75 4.2406199e-16
 5145.22 3.9536345e-16
 5146.69 3.8130332e-16
 5148.16 3.8463761e-16
 5149.63 4.0110456e-16
 5151.10 4.0101483e-16
 5152.57 3.9968253e-16
 5154.04 4.0746803e-16
 5155.51 4.1348377e-16
 5156.98 4.3134502e-16
 5158.45 4.1312780e-16
 5159.92 4.0421868e-16
 5161.39 4.1785345e-16
 5162.86 4.3942696e-16
 5164.33 4.4458843e-16
 5165.80 4.3342133e-16
 5167.27 4.4606174e-16
 5168.74 4.1578076e-16
 5170.21 4.3250061e-16
 5171.68 4.6867889e-16
 5173.15 4.4798366e-16
 5174.62 4.3622533e-16
 5176.09 4.1651649e-16
 5177.56 4.3600280e-16
 5179.03 4.5328815e-16
 5180.50 4.6209766e-16
 5181.97 4.7912726e-16
 5183.44 4.9312215e-16
 5184.91 4.6715545e-16
 5186.38 4.4223460e-16
 5187.85 4.4424543e-16
 5189.32 4.5836336e-16
 5190.79 4.5232623e-16
 5192.26 4.4201710e-16
 5193.73 4.7688966e-16
 5195.20 4.9230587e-16
 5196.67 4.6952720e-16
 5198.14 4.5633286e-16
 5199.61 4.5873319e-16
 5201.08 4.7174992e-16
 5202.55 4.5347857e-16
 5204.02 4.3120629e-16
 5205.49 4.5780850e-16
 5206.96 4.9778464e-16
 5208.43 5.0224607e-16
 5209.90 4.6284045e-16
 5211.37 4.5557609e-16
 5212.84 4.7762139e-16
 5214.31 4.6412911e-16
 5215.78 4.5817071e-16
 5217.25 4.9662717e-16
 5218.72 5.1439204e-16
 5220.19 5.1042999e-16
 5221.66 5.1517391e-16
 5223.13 4.9661473e-16
 5224.60 5.2914185e-16
 5226.07 5.1605398e-16
 5227.54 4.7721947e-16
 5229.01 5.2486677e-16
 5230.48 5.3685732e-16
 5231.95 5.1480016e-16
 5233.42 5.2367918e-16
 5234.89 5.2500907e-16
 5236.36 4.9520606e-16
 5237.83 5.1004692e-16
 5239.30 5.4235869e-16
 5240.77 5.5437661e-16
 5242.24 5.4744428e-16
 5243.71 5.1033931e-16
 5245.18 5.2052017e-16
 5246.65 5.5167753e-16
 5248.12 5.8042795e-16
 5249.59 5.9248541e-16
 5251.06 5.7799612e-16
 5252.53 5.7047775e-16
 5254.00 5.7496978e-16
 5255.47 5.5435437e-16
 5256.94 5.6615444e-16
 5258.41 5.7645939e-16
 5259.88 5.4146862e-16
 5261.35 5.6848304e-16
 5262.82 5.9057413e-16
 5264.29 6.0248162e-16
 5265.76 6.1593335e-16
 5267.23 6.0270328e-16
 5268.70 5.9654805e-16
 5270.17 5.9549153e-16
 5271.64 5.8956569e-16
 5273.11 5.7928409e-16
 5274.58 5.8045728e-16
 5276.05 5.7574253e-16
 5277.52 5.6635053e-16
 5278.99 5.5944647e-16
 5280.46 5.7436589e-16
 5281.93 5.8644628e-16
 5283.40 6.1087402e-16
 5284.87 6.1569141e-16
 5286.34 5.4857062e-16
 5287.81 5.6334160e-16
 5289.28 5.6943436e-16
 5290.75 5.9362721e-16
 5292.22 6.1729390e-16
 5293.69 6.1362190e-16
 5295.16 5.9700693e-16
 5296.63 6.1412779e-16
 5298.10 6.0521229e-16
 5299.57 5.5991101e-16
 5301.04 5.8017326e-16
 5302.51 6.0609654e-16
 5303.98 6.1149940e-16
 5305.45 5.7890896e-16
 5306.92 6.0767409e-16
 5308.39 5.7129238e-16
 5309.86 5.8522438e-16
 5311.33 5.8117800e-16
 5312.80 5.7650105e-16
 5314.27 5.6507008e-16
 5315.74 5.7303732e-16
 5317.21 5.3910508e-16
 5318.68 5.6485461e-16
 5320.15 5.9327103e-16
 5321.62 6.0992714e-16
 5323.09 5.7647310e-16
 5324.56 5.7613577e-16
 5326.03 5.8099430e-16
 5327.50 6.0310938e-16
 5328.97 6.1553874e-16
 5330.44 5.9785925e-16
 5331.91 5.8813082e-16
 5333.38 5.8276216e-16
 5334.85 5.9573114e-16
 5336.32 5.6801855e-16
 5337.79 5.7726084e-16
 5339.26 5.8600884e-16
 5340.73 6.0366794e-16
 5342.20 6.1352571e-16
 5343.67 6.4720453e-16
 5345.14 6.4893587e-16
 5346.61 6.1040593e-16
 5348.08 6.1971747e-16
 5349.55 6.1613060e-16
 5351.02 5.7383433e-16
 5352.49 5.8686530e-16
 5353.96 6.3112568e-16
 5355.43 5.8047565e-16
 5356.90 6.1044256e-16
 5358.37 6.0902415e-16
 5359.84 5.8597369e-16
 5361.31 6.1915160e-16
 5362.78 6.0642064e-16
 5364.25 6.1884275e-16
 5365.72 5.8797856e-16
 5367.19 5.1665701e-16
 5368.66 5.6620606e-16
 5370.13 5.8761979e-16
 5371.60 5.7012988e-16
 5373.07 5.5605537e-16
 5374.54 5.5293511e-16
 5376.01 5.9693694e-16
 5377.48 5.8044203e-16
 5378.95 5.7433170e-16
 5380.42 5.5772577e-16
 5381.89 5.6586671e-16
 5383.36 5.2936399e-16
 5384.83 5.2618825e-16
 5386.30 4.9831764e-16
 5387.77 4.9325492e-16
 5389.24 5.1315289e-16
 5390.71 5.1756752e-16
 5392.18 5.0576607e-16
 5393.65 4.7245693e-16
 5395.12 4.9120690e-16
 5396.59 4.8236123e-16
 5398.06 5.1172273e-16
 5399.53 4.8142896e-16
 5401.00 4.7388693e-16
 5402.47 4.6650795e-16
 5403.94 4.3799603e-16
 5405.41 4.3561891e-16
 5406.88 4.6178087e-16
 5408.35 4.4693937e-16
 5409.82 4.4945008e-16
 5411.29 4.5135792e-16
 5412.76 4.4196538e-16
 5414.23 4.2640967e-16
 5415.70 4.4787280e-16
 5417.17 4.3937486e-16
 5418.64 4.4865175e-16
 5420.11 4.7696415e-16
 5421.58 4.2836539e-16
 5423.05 4.1086670e-16
 5424.52 4.2587676e-16
 5425.99 4.1822487e-16
 5427.46 3.9846277e-16
 5428.93 4.0895672e-16
 5430.40 3.7895132e-16
 5431.87 3.9493546e-16
 5433.34 4.0855673e-16
 5434.81 3.9750584e-16
 5436.28 3.8900872e-16
 5437.75 4.1299492e-16
 5439.22 4.0390382e-16
 5440.69 4.0430587e-16
 5442.16 4.3801154e-16
 5443.63 4.1312071e-16
 5445.10 4.1629075e-16
 5446.57 4.4196877e-16
 5448.04 4.1858182e-16
 5449.51 3.9117247e-16
 5450.98 4.1662856e-16
 5452.45 4.3362933e-16
 5453.92 4.1856554e-16
 5455.39 4.0813012e-16
 5456.86 4.0727168e-16
 5458.33 4.0132680e-16
 5459.80 4.1927062e-16
 5461.27 4.7311062e-16
 5462.74 4.6756425e-16
 5464.21 4.0865735e-16
 5465.68 3.9426692e-16
 5467.15 4.1176344e-16
 5468.62 4.0720693e-16
 5470.09 3.9020460e-16
 5471.56 4.2699632e-16
 5473.03 4.2635941e-16
 5474.50 4.2489753e-16
 5475.97 4.3476796e-16
 5477.44 4.0243737e-16
 5478.91 4.0007214e-16
 5480.38 4.3859980e-16
 5481.85 4.0192534e-16
 5483.32 4.0686338e-16
 5484.79 4.3166827e-16
 5486.26 4.1183941e-16
 5487.73 4.2955997e-16
 5489.20 4.5473980e-16
 5490.67 4.3860060e-16
 5492.14 4.2162428e-16
 5493.61 4.2926335e-16
 5495.08 4.2742688e-16
 5496.55 4.5264011e-16
 5498.02 4.7211282e-16
 5499.49 4.4047942e-16
 5500.96 4.3290724e-16
 5502.43 4.2271232e-16
 5503.90 4.1448986e-16
 5505.37 4.4871491e-16
 5506.84 4.4457207e-16
 5508.31 4.5422322e-16
 5509.78 4.5848628e-16
 5511.25 4.5133409e-16
 5512.72 4.5620856e-16
 5514.19 4.2401943e-16
 5515.66 4.2530898e-16
 5517.13 4.4552678e-16
 5518.60 4.2783293e-16
 5520.07 4.1560264e-16
 5521.54 4.0706834e-16
 5523.01 3.9287376e-16
 5524.48 4.2404664e-16
 5525.95 4.4095511e-16
 5527.42 4.1733557e-16
 5528.89 4.1329202e-16
 5530.36 4.4302118e-16
 5531.83 4.5420554e-16
 5533.30 4.4787645e-16
 5534.77 4.7738909e-16
 5536.24 4.6907658e-16
 5537.71 4.2556680e-16
 5539.18 4.1744648e-16
 5540.65 4.1572464e-16
 5542.12 4.1757200e-16
 5543.59 4.1301348e-16
 5545.06 4.2039267e-16
 5546.53 4.1615740e-16
 5548.00 4.2610151e-16
 5549.47 4.3414533e-16
 5550.94 4.4646334e-16
 5552.41 4.3534534e-16
 5553.88 4.5143711e-16
 5555.35 4.4626005e-16
 5556.82 4.2317679e-16
 5558.29 4.3049655e-16
 5559.76 4.5018340e-16
 5561.23 4.3341742e-16
 5562.70 4.1806383e-16
 5564.17 4.0194583e-16
 5565.64 3.8436661e-16
 5567.11 3.9814733e-16
 5568.58 3.9946534e-16
 5570.05 4.0253751e-16
 5571.52 3.8759338e-16
 5572.99 3.5106612e-16
 5574.46 3.6943895e-16
 5575.93 3.3537423e-16
 5577.40 3.0640173e-16
 5578.87 2.9655312e-16
 5580.34 4.0019472e-16
 5581.81 3.7147546e-16
 5583.28 3.6056599e-16
 5584.75 3.5904295e-16
 5586.22 3.7229512e-16
 5587.69 3.4964763e-16
 5589.16 3.6168614e-16
 5590.63 3.5765458e-16
 5592.10 3.5006233e-16
 5593.57 3.3300306e-16
 5595.04 3.2701859e-16
 5596.51 3.4403707e-16
 5597.98 3.4412566e-16
 5599.45 3.4348970e-16
 5600.92 3.4778553e-16
 5602.39 3.5396032e-16
 5603.86 3.5978368e-16
 5605.33 3.2760254e-16
 5606.80 3.3198458e-16
 5608.27 3.3634376e-16
 5609.74 3.2623710e-16
 5611.21 3.0962665e-16
 5612.68 3.1343972e-16
 5614.15 3.4388503e-16
 5615.62 3.2865241e-16
 5617.09 3.2395138e-16
 5618.56 3.2697788e-16
 5620.03 3.1699271e-16
 5621.50 3.1913356e-16
 5622.97 3.1431172e-16
 5624.44 3.2800271e-16
 5625.91 3.5073898e-16
 5627.38 3.4774909e-16
 5628.85 3.4821869e-16
 5630.32 3.5671702e-16
 5631.79 2.9450189e-16
 5633.26 3.0112765e-16
 5634.73 3.2005796e-16
 5636.20 3.3680394e-16
 5637.67 3.3961635e-16
 5639.14 3.5575373e-16
 5640.61 3.5166680e-16
 5642.08 3.5146174e-16
 5643.55 3.5221787e-16
 5645.02 3.6433362e-16
 5646.49 3.6146308e-16
 5647.96 3.4844715e-16
 5649.43 3.6191486e-16
 5650.90 3.4657377e-16
 5652.37 3.3958210e-16
 5653.84 3.5955831e-16
 5655.31 3.7874575e-16
 5656.78 3.4690274e-16
 5658.25 3.4224072e-16
 5659.72 3.2561172e-16
 5661.19 3.6828214e-16
 5662.66 3.8285090e-16
 5664.13 4.0702231e-16
 5665.60 3.9633521e-16
 5667.07 4.1542837e-16
 5668.54 4.2614860e-16
 5670.01 4.1377186e-16
 5671.48 4.2848355e-16
 5672.95 4.1472980e-16
 5674.42 2.9230186e-16
 5675.89 2.8247262e-16
 5677.36 3.7584255e-16
 5678.83 4.4792394e-16
 5680.30 4.5007900e-16
 5681.77 4.1407015e-16
 5683.24 4.3637404e-16
 5684.71 4.1801822e-16
 5686.18 4.5820544e-16
 5687.65 4.6360210e-16
 5689.12 4.8845955e-16
 5690.59 5.0550545e-16
 5692.06 4.4953071e-16
 5693.53 4.5718894e-16
 5695.00 4.7883503e-16
 5696.47 4.9827655e-16
 5697.94 4.8580950e-16
 5699.41 4.8202136e-16
 5700.88 4.7566760e-16
 5702.35 4.7782166e-16
 5703.82 4.9708065e-16
 5705.29 5.2456205e-16
 5706.76 5.2368341e-16
 5708.23 4.8843398e-16
 5709.70 4.9122125e-16
 5711.17 5.1685421e-16
 5712.64 4.8599966e-16
 5714.11 5.1336078e-16
 5715.58 5.4205323e-16
 5717.05 5.1602872e-16
 5718.52 5.4121085e-16
 5719.99 5.5255443e-16
 5721.46 5.2384234e-16
 5722.93 5.0603003e-16
 5724.40 5.3192319e-16
 5725.87 5.4789193e-16
 5727.34 5.3930498e-16
 5728.81 5.0933801e-16
 5730.28 5.1105802e-16
 5731.75 5.3802347e-16
 5733.22 5.5631557e-16
 5734.69 5.2455628e-16
 5736.16 5.2203101e-16
 5737.63 5.3476054e-16
 5739.10 5.1624758e-16
 5740.57 4.8322028e-16
 5742.04 5.0087636e-16
 5743.51 5.4076569e-16
 5744.98 5.3746295e-16
 5746.45 5.2205457e-16
 5747.92 4.9188834e-16
 5749.39 5.0530402e-16
 5750.86 5.1958902e-16
 5752.33 5.1435832e-16
 5753.80 4.9483225e-16
 5755.27 5.1886168e-16
 5756.74 5.2776669e-16
 5758.21 5.0634936e-16
 5759.68 5.2347870e-16
 5761.15 5.0951112e-16
 5762.62 5.0671957e-16
 5764.09 4.9410179e-16
 5765.56 4.9658953e-16
 5767.03 4.9965499e-16
 5768.50 5.2863141e-16
 5769.97 5.3188026e-16
 5771.44 4.9854697e-16
 5772.91 4.7572155e-16
 5774.38 4.8940875e-16
 5775.85 4.8588192e-16
 5777.32 4.6324317e-16
 5778.79 4.7326738e-16
 5780.26 4.8436298e-16
 5781.73 4.9434135e-16
 5783.20 4.8240369e-16
 5784.67 4.9593271e-16
 5786.14 5.1925359e-16
 5787.61 4.9464464e-16
 5789.08 4.5735210e-16
 5790.55 4.6652547e-16
 5792.02 5.1779082e-16
 5793.49 5.3150703e-16
 5794.96 5.0675430e-16
 5796.43 4.6727224e-16
 5797.90 4.8192554e-16
 5799.37 4.9521289e-16
 5800.84 5.0335378e-16
 5802.31 4.7407995e-16
 5803.78 5.0356167e-16
 5805.25 4.9846338e-16
 5806.72 4.5953009e-16
 5808.19 4.9546949e-16
 5809.66 5.0620817e-16
 5811.13 5.1078453e-16
 5812.60 4.6589861e-16
 5814.07 4.6248925e-16
 5815.54 4.2852903e-16
 5817.01 4.4098370e-16
 5818.48 4.7868892e-16
 5819.95 4.8116564e-16
 5821.42 4.9874952e-16
 5822.89 5.0814957e-16
 5824.36 4.7752472e-16
 5825.83 4.5629225e-16
 5827.30 4.7341953e-16
 5828.77 5.0244247e-16
 5830.24 4.8660635e-16
 5831.71 4.6728182e-16
 5833.18 4.8236435e-16
 5834.65 4.8184745e-16
 5836.12 4.6670118e-16
 5837.59 4.9370761e-16
 5839.06 4.8983794e-16
 5840.53 4.9784737e-16
 5842.00 4.6443092e-16
 5843.47 4.4768015e-16
 5844.94 4.3089392e-16
 5846.41 4.6328229e-16
 5847.88 4.3164164e-16
 5849.35 3.9952945e-16
 5850.82 4.1924626e-16
 5852.29 4.5356412e-16
 5853.76 4.4116512e-16
 5855.23 4.4973500e-16
 5856.70 4.5367847e-16
 5858.17 4.2039751e-16
 5859.64 3.7740268e-16
 5861.11 4.1548904e-16
 5862.58 4.4542879e-16
 5864.05 4.6472775e-16
 5865.52 4.1038087e-16
 5866.99 3.9008366e-16
 5868.46 4.3064031e-16
 5869.93 3.9983116e-16
 5871.40 3.7806061e-16
 5872.87 3.8153453e-16
 5874.34 3.6028626e-16
 5875.81 3.8760299e-16
 5877.28 3.6907105e-16
 5878.75 3.7256993e-16
 5880.22 3.5606512e-16
 5881.69 3.8055777e-16
 5883.16 3.6762268e-16
 5884.63 3.6709709e-16
 5886.10 3.7947431e-16
 5887.57 3.7508893e-16
 5889.04 3.1819407e-16
 5890.51 3.6852529e-16
 5891.98 3.5349250e-16
 5893.45 3.4106075e-16
 5894.92 3.7674167e-16
 5896.39 3.9543328e-16
 5897.86 3.4819579e-16
 5899.33 3.4378079e-16
 5900.80 3.2074697e-16
 5902.27 3.0750867e-16
 5903.74 3.2821595e-16
 5905.21 3.3603930e-16
 5906.68 3.3309105e-16
 5908.15 3.3014276e-16
 5909.62 3.2719451e-16
 5911.09 3.2719451e-16
 5912.56 3.2615515e-16
 5914.03 3.2513712e-16
 5915.50 3.2706539e-16
 5916.97 3.6444053e-16
 5918.44 3.3766106e-16
 5919.91 3.0236543e-16
 5921.38 2.9206051e-16
 5922.85 3.3962384e-16
 5924.32 3.2030606e-16
 5925.79 2.9783746e-16
 5927.26 3.2190254e-16
 5928.73 3.2269721e-16
 5930.20 3.1048985e-16
 5931.67 3.2905075e-16
 5933.14 3.3870817e-16
 5934.61 3.6997309e-16
 5936.08 3.7094823e-16
 5937.55 3.4182078e-16
 5939.02 3.5260632e-16
 5940.49 3.6929366e-16
 5941.96 3.0834847e-16
 5943.43 2.9874556e-16
 5944.90 3.4691793e-16
 5946.37 3.7244004e-16
 5947.84 3.5739208e-16
 5949.31 3.2651455e-16
 5950.78 3.5441960e-16
 5952.25 3.8894752e-16
 5953.72 3.4831586e-16
 5955.19 3.4425227e-16
 5956.66 3.5299000e-16
 5958.13 3.5673372e-16
 5959.60 3.8876798e-16
 5961.07 4.0090334e-16
 5962.54 3.8959664e-16
 5964.01 3.7302738e-16
 5965.48 3.7770155e-16
 5966.95 3.7672251e-16
 5968.42 3.7021573e-16
 5969.89 3.8545902e-16
 5971.36 3.9058034e-16
 5972.83 3.9988158e-16
 5974.30 3.9325710e-16
 5975.77 3.7931443e-16
 5977.24 4.1365770e-16
 5978.71 3.8772335e-16
 5980.18 3.8038026e-16
 5981.65 4.2447439e-16
 5983.12 4.2102659e-16
 5984.59 4.0778260e-16
 5986.06 3.9047112e-16
 5987.53 4.1812617e-16
 5989.00 4.3628862e-16
 5990.47 4.1471975e-16
 5991.94 4.1570074e-16
 5993.41 4.0586200e-16
 5994.88 4.1180992e-16
 5996.35 4.2662553e-16
 5997.82 4.1701198e-16
 5999.29 4.5715284e-16
 6000.76 4.1650661e-16
 6002.23 4.1846154e-16
 6003.70 4.4984739e-16
 6005.17 4.2822608e-16
 6006.64 4.8214370e-16
 6008.11 4.5680370e-16
 6009.58 3.8880901e-16
 6011.05 4.0020989e-16
 6012.52 3.9252910e-16
 6013.99 4.3260262e-16
 6015.46 4.2562087e-16
 6016.93 4.2692536e-16
 6018.40 4.4947343e-16
 6019.87 4.5539620e-16
 6021.34 4.4703519e-16
 6022.81 4.4849966e-16
 6024.28 4.5703627e-16
 6025.75 4.8166010e-16
 6027.22 5.0386586e-16
 6028.69 4.6902840e-16
 6030.16 4.7811463e-16
 6031.63 4.7601272e-16
 6033.10 4.7298494e-16
 6034.57 4.4600017e-16
 6036.04 4.6051524e-16
 6037.51 4.5550038e-16
 6038.98 4.7966878e-16
 6040.45 4.7929211e-16
 6041.92 4.6033774e-16
 6043.39 4.7173817e-16
 6044.86 4.9009051e-16
 6046.33 4.4199169e-16
 6047.80 4.7588153e-16
 6049.27 4.5272418e-16
 6050.74 4.0706847e-16
 6052.21 4.4080031e-16
 6053.68 4.6830699e-16
 6055.15 4.5257505e-16
 6056.62 4.2734718e-16
 6058.09 4.4667700e-16
 6059.56 4.8756079e-16
 6061.03 4.7543324e-16
 6062.50 4.4811426e-16
 6063.97 4.6139738e-16
 6065.44 4.7389159e-16
 6066.91 4.3735138e-16
 6068.38 4.7173340e-16
 6069.85 4.7230356e-16
 6071.32 4.4286027e-16
 6072.79 4.8559912e-16
 6074.26 5.3794443e-16
 6075.73 4.9126984e-16
 6077.20 5.0604903e-16
 6078.67 4.9456989e-16
 6080.14 4.9197712e-16
 6081.61 4.6919993e-16
 6083.08 4.3803311e-16
 6084.55 4.7678934e-16
 6086.02 4.9460768e-16
 6087.49 4.9130426e-16
 6088.96 5.0263888e-16
 6090.43 4.6901437e-16
 6091.90 4.3656621e-16
 6093.37 4.5938848e-16
 6094.84 4.9317768e-16
 6096.31 5.0443253e-16
 6097.78 4.7068477e-16
 6099.25 4.7464015e-16
 6100.72 4.7139792e-16
 6102.19 4.6615950e-16
 6103.66 4.8742167e-16
 6105.13 4.7262644e-16
 6106.60 4.8350234e-16
 6108.07 4.7501020e-16
 6109.54 4.6120600e-16
 6111.01 4.7944622e-16
 6112.48 4.7713842e-16
 6113.95 4.9332824e-16
 6115.42 4.7167316e-16
 6116.89 4.7279082e-16
 6118.36 4.6635612e-16
 6119.83 4.6481902e-16
 6121.30 4.9280001e-16
 6122.77 4.8880895e-16
 6124.24 4.7708448e-16
 6125.71 4.9162698e-16
 6127.18 4.7292417e-16
 6128.65 4.6995082e-16
 6130.12 4.7044972e-16
 6131.59 4.7154430e-16
 6133.06 4.4001628e-16
 6134.53 4.7214913e-16
 6136.00 4.7683693e-16
 6137.47 4.5063577e-16
 6138.94 4.6030862e-16
 6140.41 4.8515379e-16
 6141.88 4.8123854e-16
 6143.35 4.6642171e-16
 6144.82 4.7033071e-16
 6146.29 5.0960546e-16
 6147.76 5.0952224e-16
 6149.23 4.8373125e-16
 6150.70 4.5327729e-16
 6152.17 4.4345018e-16
 6153.64 4.6535159e-16
 6155.11 4.7332222e-16
 6156.58 4.5285272e-16
 6158.05 4.6738060e-16
 6159.52 4.7253559e-16
 6160.99 4.2394984e-16
 6162.46 4.1581504e-16
 6163.93 4.1252876e-16
 6165.40 4.0436429e-16
 6166.87 4.1061039e-16
 6168.34 3.9179093e-16
 6169.81 4.0537501e-16
 6171.28 4.1763163e-16
 6172.75 3.8695213e-16
 6174.22 3.6450319e-16
 6175.69 3.7522429e-16
 6177.16 3.7688935e-16
 6178.63 3.6266946e-16
 6180.10 3.8709570e-16
 6181.57 3.5583484e-16
 6183.04 3.2420610e-16
 6184.51 3.4852251e-16
 6185.98 3.4749177e-16
 6187.45 3.4306846e-16
 6188.92 3.2917122e-16
 6190.39 3.3581272e-16
 6191.86 3.2059043e-16
 6193.33 2.9548390e-16
 6194.80 2.9402703e-16
 6196.27 2.9744854e-16
 6197.74 2.8679337e-16
 6199.21 2.7012008e-16
 6200.68 2.7979454e-16
 6202.15 2.8347371e-16
 6203.62 3.0448452e-16
 6205.09 2.7075588e-16
 6206.56 2.3155578e-16
 6208.03 2.4711802e-16
 6209.50 2.3214132e-16
 6210.97 2.5560987e-16
 6212.44 2.5181993e-16
 6213.91 2.3502904e-16
 6215.38 2.0864555e-16
 6216.85 2.0651872e-16
 6218.32 2.2352368e-16
 6219.79 2.0098966e-16
 6221.26 2.1098524e-16
 6222.73 1.9846854e-16
 6224.20 1.9964008e-16
 6225.67 2.0357937e-16
 6227.14 1.9314444e-16
 6228.61 1.9256750e-16
 6230.08 1.9344782e-16
 6231.55 1.7709941e-16
 6233.02 2.0008105e-16
 6234.49 1.9657671e-16
 6235.96 1.9883181e-16
 6237.43 1.6717978e-16
 6238.90 1.5289072e-16
 6240.37 1.7242265e-16
 6241.84 1.5711507e-16
 6243.31 1.5890080e-16
 6244.78 1.5272454e-16
 6246.25 1.5633081e-16
 6247.72 1.4800583e-16
 6249.19 1.5072841e-16
 6250.66 1.6920961e-16
 6252.13 1.2619359e-16
 6253.60 1.1884148e-16
 6255.07 1.5124354e-16
 6256.54 1.6012869e-16
 6258.01 1.3980365e-16
 6259.48 1.5552293e-16
 6260.95 1.4392748e-16
 6262.42 1.3891242e-16
 6263.89 1.4259956e-16
 6265.36 1.5679456e-16
 6266.83 1.6324249e-16
 6268.30 1.4520146e-16
 6269.77 1.4966891e-16
 6271.24 1.6363205e-16
 6272.71 1.7429951e-16
 6274.18 1.7266761e-16
 6275.65 1.5989937e-16
 6277.12 1.4495749e-16
 6278.59 1.2665583e-16
 6280.06 1.3085080e-16
 6281.53 1.5594908e-16
 6283.00 1.7611946e-16
 6284.47 1.4459329e-16
 6285.94 1.3764816e-16
 6287.41 1.6352715e-16
 6288.88 1.5544735e-16
 6290.35 1.3208371e-16
 6291.82 1.5184635e-16
 6293.29 1.5490089e-16
 6294.76 1.4150052e-16
 6296.23 1.2774678e-16
 6297.70 1.7657065e-16
 6299.17 1.5104452e-16
 6300.64 1.4888159e-16
 6302.11 1.6424914e-16
 6303.58 1.2222306e-16
 6305.05 1.2451861e-16
 6306.52 1.5260687e-16
 6307.99 1.5976137e-16
 6309.46 1.6655071e-16
 6310.93 1.3471384e-16
 6312.40 1.4012131e-16
 6313.87 1.4786276e-16
 6315.34 1.5016453e-16
 6316.81 1.5179655e-16
 6318.28 1.5309492e-16
 6319.75 1.5399726e-16
 6321.22 1.4778013e-16
 6322.69 1.7211279e-16
 6324.16 1.6874931e-16
 6325.63 1.5196995e-16
 6327.10 1.8747182e-16
 6328.57 1.8095704e-16
 6330.04 1.7906899e-16
 6331.51 1.9753793e-16
 6332.98 1.6310461e-16
 6334.45 1.7062788e-16
 6335.92 1.7461976e-16
 6337.39 1.7043922e-16
 6338.86 1.9936546e-16
 6340.33 2.1987955e-16
 6341.80 2.0507024e-16
 6343.27 1.8356546e-16
 6344.74 1.8853108e-16
 6346.21 1.9049199e-16
 6347.68 1.8800501e-16
 6349.15 2.2997580e-16
 6350.62 2.2387557e-16
 6352.09 1.9767720e-16
 6353.56 2.0513015e-16
 6355.03 2.1063812e-16
 6356.50 2.3596562e-16
 6357.97 2.3855971e-16
 6359.44 2.3706594e-16
 6360.91 2.5821426e-16
 6362.38 2.3899241e-16
 6363.85 2.2016845e-16
 6365.32 2.2604091e-16
 6366.79 2.2740278e-16
 6368.26 2.2702328e-16
 6369.73 2.3297763e-16
 6371.20 2.2962513e-16
 6372.67 2.3661614e-16
 6374.14 2.7623158e-16
 6375.61 2.8809404e-16
 6377.08 2.8355267e-16
 6378.55 2.7576870e-16
 6380.02 2.6288914e-16
 6381.49 2.7916909e-16
 6382.96 2.7993280e-16
 6384.43 2.8143432e-16
 6385.90 2.9106882e-16
 6387.37 2.9068077e-16
 6388.84 2.9569875e-16
 6390.31 2.8309411e-16
 6391.78 3.0023345e-16
 6393.25 3.3050585e-16
 6394.72 3.2580233e-16
 6396.19 3.0356435e-16
 6397.66 3.1933973e-16
 6399.13 3.3177751e-16
 6400.60 3.2860175e-16
 6402.07 3.3180740e-16
 6403.54 3.2431060e-16
 6405.01 3.1888877e-16
 6406.48 3.4742142e-16
 6407.95 3.6320437e-16
 6409.42 3.4773778e-16
 6410.89 3.5567697e-16
 6412.36 3.7092285e-16
 6413.83 3.3953898e-16
 6415.30 3.0708576e-16
 6416.77 3.4263819e-16
 6418.24 3.7947762e-16
 6419.71 3.7518197e-16
 6421.18 3.8006030e-16
 6422.65 3.8130120e-16
 6424.12 3.8079983e-16
 6425.59 3.9063455e-16
 6427.06 3.8107369e-16
 6428.53 3.7109940e-16
 6430.00 3.7444542e-16
 6431.47 3.8975366e-16
 6432.94 3.7884652e-16
 6434.41 3.9609865e-16
 6435.88 3.7463095e-16
 6437.35 4.0065005e-16
 6438.82 4.0222236e-16
 6440.29 3.8957814e-16
 6441.76 3.9831386e-16
 6443.23 4.1815367e-16
 6444.70 4.3935710e-16
 6446.17 4.1489243e-16
 6447.64 3.9299626e-16
 6449.11 4.1098761e-16
 6450.58 4.3111473e-16
 6452.05 4.2251375e-16
 6453.52 3.9777173e-16
 6454.99 4.0580721e-16
 6456.46 4.1884289e-16
 6457.93 4.1775858e-16
 6459.40 4.0807109e-16
 6460.87 4.2162619e-16
 6462.34 4.3418745e-16
 6463.81 4.4125885e-16
 6465.28 4.3724709e-16
 6466.75 4.5365946e-16
 6468.22 4.2124378e-16
 6469.69 4.0445267e-16
 6471.16 4.4094333e-16
 6472.63 4.6115724e-16
 6474.10 4.5099306e-16
 6475.57 4.3747902e-16
 6477.04 4.1427166e-16
 6478.51 4.2740375e-16
 6479.98 4.4352887e-16
 6481.45 4.1814602e-16
 6482.92 4.3961267e-16
 6484.39 4.4504832e-16
 6485.86 4.3561232e-16
 6487.33 4.5123838e-16
 6488.80 4.5402274e-16
 6490.27 4.3084604e-16
 6491.74 4.2721907e-16
 6493.21 4.3688824e-16
 6494.68 4.7153514e-16
 6496.15 4.8337158e-16
 6497.62 4.8109687e-16
 6499.09 4.6054738e-16
 6500.56 4.3873414e-16
 6502.03 4.5782014e-16
 6503.50 4.4589556e-16
 6504.97 4.5164570e-16
 6506.44 4.4200029e-16
 6507.91 4.5617028e-16
 6509.38 4.6841160e-16
 6510.85 4.3619177e-16
 6512.32 4.4935728e-16
 6513.79 4.9957040e-16
 6515.26 4.9562603e-16
 6516.73 4.6057194e-16
 6518.20 4.7374463e-16
 6519.67 4.8104838e-16
 6521.14 4.7630722e-16
 6522.61 4.5785752e-16
 6524.08 4.4562785e-16
 6525.55 4.8856437e-16
 6527.02 4.7794681e-16
 6528.49 4.3712366e-16
 6529.96 4.2730856e-16
 6531.43 4.4833290e-16
 6532.90 4.4687875e-16
 6534.37 4.7427148e-16
 6535.84 4.6007071e-16
 6537.31 4.5779839e-16
 6538.78 4.6677921e-16
 6540.25 4.5120455e-16
 6541.72 4.5044238e-16
 6543.19 4.5120524e-16
 6544.66 4.3885693e-16
 6546.13 4.4976370e-16
 6547.60 4.6392206e-16
 6549.07 4.3968504e-16
 6550.54 4.4232415e-16
 6552.01 4.4818329e-16
 6553.48 4.3701026e-16
 6554.95 4.6367346e-16
 6556.42 4.7106509e-16
 6557.89 4.3535762e-16
 6559.36 4.3120658e-16
 6560.83 4.3719322e-16
 6562.30 4.3953466e-16
 6563.77 4.6224790e-16
 6565.24 4.6567187e-16
 6566.71 4.4540021e-16
 6568.18 4.4839065e-16
 6569.65 4.5213915e-16
 6571.12 4.4500538e-16
 6572.59 4.3678109e-16
 6574.06 4.2795572e-16
 6575.53 4.3958675e-16
 6577.00 4.3102561e-16
 6578.47 4.3305814e-16
 6579.94 4.3225873e-16
 6581.41 4.2153939e-16
 6582.88 4.7538353e-16
 6584.35 4.7051521e-16
 6585.82 4.1300718e-16
 6587.29 4.2859425e-16
 6588.76 4.3973480e-16
 6590.23 4.2298372e-16
 6591.70 4.3080104e-16
 6593.17 4.4425163e-16
 6594.64 4.2282278e-16
 6596.11 3.8588793e-16
 6597.58 4.1029508e-16
 6599.05 4.3591367e-16
 6600.52 4.0628793e-16
 6601.99 4.0827504e-16
 6603.46 4.3242731e-16
 6604.93 4.4741996e-16
 6606.40 4.6289625e-16
 6607.87 4.5986515e-16
 6609.34 4.3084506e-16
 6610.81 3.8368298e-16
 6612.28 4.0358094e-16
 6613.75 4.2369750e-16
 6615.22 4.0789189e-16
 6616.69 4.2140734e-16
 6618.16 4.3135084e-16
 6619.63 4.0854038e-16
 6621.10 3.9849576e-16
 6622.57 4.2183763e-16
 6624.04 4.4623729e-16
 6625.51 4.3666748e-16
 6626.98 4.3929191e-16
 6628.45 4.1911616e-16
 6629.92 4.1393026e-16
 6631.39 4.3274514e-16
 6632.86 4.1356262e-16
 6634.33 3.8397994e-16
 6635.80 4.0217588e-16
 6637.27 3.9229299e-16
 6638.74 3.9806618e-16
 6640.21 4.0730495e-16
 6641.68 4.0592056e-16
 6643.15 3.8918443e-16
 6644.62 3.7811178e-16
 6646.09 3.9571042e-16
 6647.56 3.8985898e-16
 6649.03 3.7202767e-16
 6650.50 3.7946401e-16
 6651.97 3.9731298e-16
 6653.44 4.0329610e-16
 6654.91 3.8823220e-16
 6656.38 4.1266707e-16
 6657.85 3.7014384e-16
 6659.32 3.4263023e-16
 6660.79 3.7233120e-16
 6662.26 3.8654944e-16
 6663.73 4.0591121e-16
 6665.20 3.8042259e-16
 6666.67 3.6415971e-16
 6668.14 3.5949841e-16
 6669.61 3.5749661e-16
 6671.08 3.4932600e-16
 6672.55 4.0193140e-16
 6674.02 3.9642558e-16
 6675.49 3.5604109e-16
 6676.96 3.6649377e-16
 6678.43 3.7755215e-16
 6679.90 3.7047509e-16
 6681.37 3.6715278e-16
 6682.84 3.7611087e-16
 6684.31 3.7134456e-16
 6685.78 3.6359514e-16
 6687.25 3.6716930e-16
 6688.72 3.6727256e-16
 6690.19 3.6568935e-16
 6691.66 3.7233715e-16
 6693.13 3.5755582e-16
 6694.60 3.4834873e-16
 6696.07 3.4074251e-16
 6697.54 3.4868741e-16
 6699.01 3.3758591e-16
 6700.48 3.3446517e-16
 6701.95 3.3594375e-16
 6703.42 3.6464779e-16
 6704.89 3.4773834e-16
 6706.36 3.2737561e-16
 6707.83 3.4166323e-16
 6709.30 3.5845283e-16
 6710.77 3.6812563e-16
 6712.24 3.3907759e-16
 6713.71 3.1465101e-16
 6715.18 3.2514281e-16
 6716.65 3.3594452e-16
 6718.12 3.3726586e-16
 6719.59 3.4392473e-16
 6721.06 3.5645452e-16
 6722.53 3.3563591e-16
 6724.00 3.4973816e-16
 6725.47 3.5427132e-16
 6726.94 3.2623246e-16
 6728.41 3.3727857e-16
 6729.88 3.4720330e-16
 6731.35 3.1683109e-16
 6732.82 3.1469188e-16
 6734.29 3.4831607e-16
 6735.76 3.3270917e-16
 6737.23 3.3113128e-16
 6738.70 3.5652395e-16
 6740.17 3.6262844e-16
 6741.64 3.1256312e-16
 6743.11 3.0694748e-16
 6744.58 3.5262847e-16
 6746.05 3.5061259e-16
 6747.52 3.4855573e-16
 6748.99 3.4300398e-16
 6750.46 3.2927186e-16
 6751.93 3.1645251e-16
 6753.40 3.2555653e-16
 6754.87 3.1760236e-16
 6756.34 2.8826964e-16
 6757.81 2.9795890e-16
 6759.28 3.1322077e-16
 6760.75 3.2597576e-16
 6762.22 3.1380405e-16
 6763.69 3.0228446e-16
 6765.16 2.9394203e-16
 6766.63 2.9166380e-16
 6768.10 3.2045551e-16
 6769.57 3.0173426e-16
 6771.04 3.0522647e-16
 6772.51 2.9831169e-16
 6773.98 3.0275131e-16
 6775.45 3.3644450e-16
 6776.92 3.2522566e-16
 6778.39 3.3149680e-16
 6779.86 3.4875536e-16
 6781.33 3.3835276e-16
 6782.80 3.1752782e-16
 6784.27 3.1595478e-16
 6785.74 3.3627126e-16
 6787.21 3.0916602e-16
 6788.68 2.8909605e-16
 6790.15 2.9302001e-16
 6791.62 2.9882835e-16
 6793.09 3.1929786e-16
 6794.56 3.2750267e-16
 6796.03 3.2990777e-16
 6797.50 3.1603781e-16
 6798.97 3.1664093e-16
 6800.44 3.2254948e-16
 6801.91 3.1313117e-16
 6803.38 3.0945009e-16
 6804.85 3.0077727e-16
 6806.32 2.8530534e-16
 6807.79 2.6441211e-16
 6809.26 2.7439878e-16
 6810.73 2.9601761e-16
 6812.20 2.9726592e-16
 6813.67 2.9850563e-16
 6815.14 3.0273979e-16
 6816.61 2.9294338e-16
 6818.08 2.9053206e-16
 6819.55 3.1286628e-16
 6821.02 3.0596836e-16
 6822.49 2.8512172e-16
 6823.96 2.9069358e-16
 6825.43 2.7523478e-16
 6826.90 2.6182490e-16
 6828.37 2.9944912e-16
 6829.84 3.2342000e-16
 6831.31 3.1365757e-16
 6832.78 2.9632865e-16
 6834.25 2.9199298e-16
 6835.72 3.1065105e-16
 6837.19 3.1894525e-16
 6838.66 2.9351902e-16
 6840.13 2.5564304e-16
 6841.60 2.6761323e-16
 6843.07 2.8649238e-16
 6844.54 2.5419313e-16
 6846.01 2.5991619e-16
 6847.48 2.7659559e-16
 6848.95 2.8380657e-16
 6850.42 2.6860341e-16
 6851.89 2.5496314e-16
 6853.36 2.7352205e-16
 6854.83 2.8601685e-16
 6856.30 3.0346096e-16
 6857.77 2.9591162e-16
 6859.24 2.8958307e-16
 6860.71 2.9456381e-16
 6862.18 2.6757678e-16
 6863.65 2.4997083e-16
 6865.12 2.8479058e-16
 6866.59 3.1120303e-16
 6868.06 2.9209465e-16
 6869.53 2.8453052e-16
 6871.00 2.7541221e-16
 6872.47 2.9865553e-16
 6873.94 2.9054352e-16
 6875.41 2.9963663e-16
 6876.88 3.1019228e-16
 6878.35 2.9556121e-16
 6879.82 2.8700909e-16
 6881.29 2.7034830e-16
 6882.76 2.7085292e-16
 6884.23 2.6414373e-16
 6885.70 2.8305083e-16
 6887.17 2.9964934e-16
 6888.64 2.7561414e-16
 6890.11 2.6601806e-16
 6891.58 2.8125883e-16
 6893.05 2.6513121e-16
 6894.52 2.5248300e-16
 6895.99 2.5758365e-16
 6897.46 2.9302472e-16
 6898.93 3.0235529e-16
 6900.40 3.0266110e-16
 6901.87 2.8283976e-16
 6903.34 2.6798503e-16
 6904.81 3.0129605e-16
 6906.28 2.9909887e-16
 6907.75 2.9332552e-16
 6909.22 2.7335296e-16
 6910.69 2.6710316e-16
 6912.16 2.9112530e-16
 6913.63 2.9406175e-16
 6915.10 2.7461989e-16
 6916.57 2.7144126e-16
 6918.04 2.8813877e-16
 6919.51 2.7455530e-16
 6920.98 2.4624812e-16
 6922.45 2.3254546e-16
 6923.92 2.1647179e-16
 6925.39 2.2529568e-16
 6926.86 2.3840391e-16
 6928.33 2.6489722e-16
 6929.80 2.4985497e-16
 6931.27 2.3504018e-16
 6932.74 2.4296907e-16
 6934.21 2.5555373e-16
 6935.68 2.4335662e-16
 6937.15 2.6144421e-16
 6938.62 2.6991721e-16
 6940.09 2.3928593e-16
 6941.56 2.3906817e-16
 6943.03 2.3861175e-16
 6944.50 2.4860083e-16
 6945.97 2.4740459e-16
 6947.44 2.4342321e-16
 6948.91 2.6518767e-16
 6950.38 2.4582048e-16
 6951.85 2.4445707e-16
 6953.32 2.6124280e-16
 6954.79 2.4301320e-16
 6956.26 2.3613812e-16
 6957.73 2.2705359e-16
 6959.20 2.1168919e-16
 6960.67 2.0362650e-16
 6962.14 2.1492304e-16
 6963.61 2.3367918e-16
 6965.08 2.5838920e-16
 6966.55 2.4815762e-16
 6968.02 2.3626385e-16
 6969.49 2.4182439e-16
 6970.96 2.2417256e-16
 6972.43 2.2368729e-16
 6973.90 2.3058328e-16
 6975.37 2.3373652e-16
 6976.84 2.3137181e-16
 6978.31 2.3240752e-16
 6979.78 2.5151434e-16
 6981.25 2.4742658e-16
 6982.72 2.2486631e-16
 6984.19 2.1166189e-16
 6985.66 2.1771333e-16
 6987.13 2.3810088e-16
 6988.60 2.2906839e-16
 6990.07 2.3299698e-16
 6991.54 2.3992986e-16
 6993.01 2.3328643e-16
 6994.48 2.4175840e-16
 6995.95 2.1402926e-16
 6997.42 2.2627720e-16
 6998.89 2.3445324e-16
 7000.36 2.1225327e-16
 7001.83 2.1667502e-16
 7003.30 2.0937438e-16
 7004.77 2.1381782e-16
 7006.24 2.1424552e-16
 7007.71 1.9282538e-16
 7009.18 2.0100957e-16
 7010.65 2.3494013e-16
 7012.12 2.3881930e-16
 7013.59 2.1583505e-16
 7015.06 2.2164638e-16
 7016.53 2.4069460e-16
 7018.00 2.2183332e-16
 7019.47 2.2482089e-16
 7020.94 2.6541288e-16
 7022.41 2.7885008e-16
 7023.88 2.6568853e-16
 7025.35 2.5820963e-16
 7026.82 2.4419131e-16
 7028.29 2.2073397e-16
 7029.76 2.2034084e-16
 7031.23 2.4257713e-16
 7032.70 2.4064749e-16
 7034.17 2.3871789e-16
 7035.64 2.3678827e-16
 7037.11 2.3485865e-16
 7038.58 2.3292903e-16
 7040.05 2.3292903e-16
 7041.52 2.3279597e-16
 7042.99 2.3720692e-16
 7044.46 2.3582369e-16
 7045.93 2.5225303e-16
 7047.40 2.5565376e-16
 7048.87 2.3022835e-16
 7050.34 2.1136021e-16
 7051.81 2.2626884e-16
 7053.28 2.4892805e-16
 7054.75 2.2437074e-16
 7056.22 2.1555615e-16
 7057.69 2.3998587e-16
 7059.16 2.3699180e-16
 7060.63 2.3118809e-16
 7062.10 2.1246206e-16
 7063.57 1.9223857e-16
 7065.04 2.2765580e-16
 7066.51 2.4152051e-16
 7067.98 2.0006781e-16
 7069.45 1.9501286e-16
 7070.92 2.1003348e-16
 7072.39 1.9825850e-16
 7073.86 2.0692145e-16
 7075.33 2.2127354e-16
 7076.80 2.2755003e-16
 7078.27 2.3977814e-16
 7079.74 2.4170286e-16
 7081.21 2.4047641e-16
 7082.68 2.4716083e-16
 7084.15 2.4650729e-16
 7085.62 2.1995625e-16
 7087.09 2.0675153e-16
 7088.56 2.3142041e-16
 7090.03 2.2503754e-16
 7091.50 2.1212899e-16
 7092.97 2.3856529e-16
 7094.44 2.3629093e-16
 7095.91 2.0790338e-16
 7097.38 2.2020981e-16
 7098.85 2.3244694e-16
 7100.32 2.2072612e-16
 7101.79 2.1321220e-16
 7103.26 2.1741452e-16
 7104.73 2.2495448e-16
 7106.20 2.1316586e-16
 7107.67 2.0591788e-16
 7109.14 2.0384156e-16
 7110.61 1.9895555e-16
 7112.08 2.0699185e-16
 7113.55 2.2321288e-16
 7115.02 2.2446283e-16
 7116.49 2.1556400e-16
 7117.96 2.2530359e-16
 7119.43 2.2143931e-16
 7120.90 2.0964943e-16
 7122.37 2.1717910e-16
 7123.84 2.1418436e-16
 7125.31 2.0495696e-16
 7126.78 1.9054255e-16
 7128.25 1.9278712e-16
 7129.72 2.1402085e-16
 7131.19 2.1313055e-16
 7132.66 2.2670773e-16
 7134.13 2.4243094e-16
 7135.60 2.2202684e-16
 7137.07 2.0411740e-16
 7138.54 2.0341381e-16
 7140.01 2.0117361e-16
 7141.48 1.9113744e-16
 7142.95 1.7807910e-16
 7144.42 1.8783751e-16
 7145.89 2.0144547e-16
 7147.36 1.8993954e-16
 7148.83 1.8163645e-16
 7150.30 1.9365500e-16
 7151.77 2.1797705e-16
 7153.24 2.1712279e-16
 7154.71 2.0205579e-16
 7156.18 1.9154765e-16
 7157.65 1.8425958e-16
 7159.12 1.9059890e-16
 7160.59 2.0997016e-16
 7162.06 2.2045545e-16
 7163.53 2.0875682e-16
 7165.00 2.1669920e-16
 7166.47 2.2358229e-16
 7167.94 2.0840057e-16
 7169.41 2.1702666e-16
 7170.88 2.1731528e-16
 7172.35 2.1760388e-16
 7173.82 2.1789249e-16
 7175.29 2.1818110e-16
 7176.76 2.1846972e-16
 7178.23 2.1846972e-16
 7179.70 2.2263628e-16
 7181.17 2.1035167e-16
 7182.64 2.0206344e-16
 7184.11 2.2447818e-16
 7185.58 2.0338256e-16
 7187.05 1.8529322e-16
 7188.52 2.1344915e-16
 7189.99 2.2998395e-16
 7191.46 2.1390674e-16
 7192.93 1.9993051e-16
 7194.40 2.1439672e-16
 7195.87 2.2108293e-16
 7197.34 1.9994113e-16
 7198.81 2.1037245e-16
 7200.28 2.3225977e-16
 7201.75 2.0782153e-16
 7203.22 1.8560432e-16
 7204.69 1.9543207e-16
 7206.16 2.2417272e-16
 7207.63 2.2132264e-16
 7209.10 2.1217416e-16
 7210.57 2.0970839e-16
 7212.04 2.0180159e-16
 7213.51 2.1059629e-16
 7214.98 2.2603034e-16
 7216.45 2.2672007e-16
 7217.92 2.1422002e-16
 7219.39 1.9422595e-16
 7220.86 1.8893513e-16
 7222.33 1.9487246e-16
 7223.80 2.0464099e-16
 7225.27 2.1537696e-16
 7226.74 2.1277887e-16
 7228.21 2.0127238e-16
 7229.68 1.8542753e-16
 7231.15 1.9658989e-16
 7232.62 2.1255166e-16
 7234.09 2.1356158e-16
 7235.56 2.0073160e-16
 7237.03 1.7175159e-16
 7238.50 1.8574793e-16
 7239.97 2.0454844e-16
 7241.44 2.0854884e-16
 7242.91 2.2340340e-16
 7244.38 2.1699531e-16
 7245.85 2.0992651e-16
 7247.32 2.2256987e-16
 7248.79 2.2411049e-16
 7250.26 2.3790421e-16
 7251.73 2.3723468e-16
 7253.20 2.0973082e-16
 7254.67 2.1169448e-16
 7256.14 2.1878261e-16
 7257.61 2.1870201e-16
 7259.08 2.1445933e-16
 7260.55 2.2319620e-16
 7262.02 2.2016334e-16
 7263.49 2.0408242e-16
 7264.96 1.9760363e-16
 7266.43 1.9153087e-16
 7267.90 1.9927721e-16
 7269.37 2.1188700e-16
 7270.84 2.2858436e-16
 7272.31 2.2604969e-16
 7273.78 2.0910152e-16
 7275.25 1.9540039e-16
 7276.72 1.7391651e-16
 7278.19 1.8233870e-16
 7279.66 2.0812068e-16
 7281.13 2.0327991e-16
 7282.60 2.0362505e-16
 7284.07 2.2829822e-16
 7285.54 2.2029904e-16
 7287.01 2.0601416e-16
 7288.48 2.0235118e-16
 7289.95 1.9248496e-16
 7291.42 1.8688788e-16
 7292.89 1.8862777e-16
 7294.36 2.1277915e-16
 7295.83 2.0643592e-16
 7297.30 1.8676664e-16
 7298.77 1.9849411e-16
 7300.24 2.2079065e-16
 7301.71 2.0581491e-16
 7303.18 1.9394048e-16
 7304.65 2.3125887e-16
 7306.12 2.3058143e-16
 7307.59 2.1161542e-16
 7309.06 2.0188022e-16
 7310.53 2.1614137e-16
 7312.00 2.2776322e-16
 7313.47 2.1077324e-16
 7314.94 2.0648274e-16
 7316.41 2.0508829e-16
 7317.88 2.0107392e-16
 7319.35 1.8802689e-16
 7320.82 2.1650836e-16
 7322.29 2.1317494e-16
 7323.76 1.7420700e-16
 7325.23 2.0295312e-16
 7326.70 2.2047095e-16
 7328.17 2.1307200e-16
 7329.64 2.2430208e-16
 7331.11 2.2679834e-16
 7332.58 2.2231174e-16
 7334.05 2.2487369e-16
 7335.52 2.2168959e-16
 7336.99 2.0104070e-16
 7338.46 1.8526183e-16
 7339.93 2.1227949e-16
 7341.40 2.1934262e-16
 7342.87 1.9678103e-16
 7344.34 1.7995759e-16
 7345.81 1.6610639e-16
 7347.28 1.6850475e-16
 7348.75 1.9271289e-16
 7350.22 1.8993675e-16
 7351.69 1.9483564e-16
 7353.16 1.9350543e-16
 7354.63 1.8595903e-16
 7356.10 1.9406202e-16
 7357.57 1.8874233e-16
 7359.04 1.8186437e-16
 7360.51 1.7931019e-16
 7361.98 1.9891319e-16
 7363.45 1.9571422e-16
 7364.92 1.7623565e-16
 7366.39 2.1118281e-16
 7367.86 2.3230580e-16
 7369.33 2.1412507e-16
 7370.80 1.8328332e-16
 7372.27 1.8796030e-16
 7373.74 1.9837812e-16
 7375.21 1.7400439e-16
 7376.68 1.9664223e-16
 7378.15 2.0773314e-16
 7379.62 1.6771832e-16
 7381.09 1.7686577e-16
 7382.56 2.1862124e-16
 7384.03 2.1944298e-16
 7385.50 2.1232879e-16
 7386.97 2.0209932e-16
 7388.44 1.9033201e-16
 7389.91 2.0123392e-16
 7391.38 2.1361222e-16
 7392.85 1.9329097e-16
 7394.32 1.8195931e-16
 7395.79 1.9767003e-16
 7397.26 2.0407922e-16
 7398.73 1.9089030e-16
 7400.20 1.9133934e-16
 7401.67 1.8198486e-16
 7403.14 1.8789735e-16
 7404.61 1.9671587e-16
 7406.08 1.7726933e-16
 7407.55 1.9298603e-16
 7409.02 1.9984482e-16
 7410.49 1.7532092e-16
 7411.96 1.9120836e-16
 7413.43 2.0060394e-16
 7414.90 1.7557230e-16