3650 2.3359e-13
3651 1.78179e-13
3652 2.56259e-13
3653 3.2526e-13
3654 3.04097e-13
3655 2.7395e-13
3656 2.52951e-13
3657 2.83853e-13
3658 2.59688e-13
3659 2.66602e-13
3660 4.0759e-13
3661 3.93524e-13
3662 3.44947e-13
3663 2.68652e-13
3664 3.27678e-13
3665 3.57859e-13
3666 3.7163e-13
3667 3.60607e-13
3668 3.21679e-13
3669 2.96445e-13
3670 3.2728e-13
3671 3.36133e-13
3672 4.00498e-13
3673 4.51755e-13
3674 4.61325e-13
3675 3.08463e-13
3676 3.64575e-13
3677 4.59521e-13
3678 3.43374e-13
3679 3.61781e-13
3680 4.01672e-13
3681 3.85658e-13
3682 3.92228e-13
3683 4.02001e-13
3684 3.98067e-13
3685 3.85499e-13
3686 3.55083e-13
3687 3.54319e-13
3688 3.65798e-13
3689 3.87057e-13
3690 2.81856e-13
3691 2.78146e-13
3692 3.16737e-13
3693 3.13048e-13
3694 3.12279e-13
3695 3.29393e-13
3696 3.7452e-13
3697 3.56614e-13
3698 3.44059e-13
3699 3.62055e-13
3700 3.51963e-13
3701 3.33689e-13
3702 3.38891e-13
3703 3.58094e-13
3704 3.53415e-13
3705 3.31107e-13
3706 2.9517e-13
3707 2.61093e-13
3708 3.68948e-13
3709 3.36712e-13
3710 2.14388e-13
3711 3.08125e-13
3712 3.43953e-13
3713 3.51741e-13
3714 3.37759e-13
3715 2.98232e-13
3716 2.95442e-13
3717 2.06599e-13
3718 1.65961e-13
3719 1.58474e-13
3720 2.2024e-13
3721 3.21502e-13
3722 2.86636e-13
3723 2.64607e-13
3724 1.36349e-13
3725 1.7406e-13
3726 2.84593e-13
3727 2.90284e-13
3728 2.93723e-13
3729 3.01436e-13
3730 2.58838e-13
3731 1.9509e-13
3732 1.89048e-13
3733 2.1756e-13
3734 2.20262e-13
3735 1.79876e-13
3736 1.38851e-13
3737 1.76739e-13
3738 2.01341e-13
3739 2.73073e-13
3740 2.39243e-13
3741 1.94498e-13
3742 2.43623e-13
3743 1.81033e-13
3744 8.72706e-14
3745 2.28953e-13
3746 2.45008e-13
3747 2.28329e-13
3748 2.59307e-13
3749 2.79605e-13
3750 2.4761e-13
3751 2.33891e-13
3752 2.14939e-13
3753 1.68296e-13
3754 2.35035e-13
3755 2.52009e-13
3756 2.51294e-13
3757 2.96071e-13
3758 2.86905e-13
3759 2.18326e-13
3760 2.10035e-13
3761 2.0499e-13
3762 1.7097e-13
3763 1.94282e-13
3764 2.05273e-13
3765 2.46215e-13
3766 2.5917e-13
3767 2.68564e-13
3768 3.08473e-13
3769 2.66772e-13
3770 2.31351e-13
3771 2.42257e-13
3772 2.28277e-13
3773 2.16005e-13
3774 2.07957e-13
3775 1.80994e-13
3776 1.55011e-13
3777 2.34987e-13
3778 2.4136e-13
3779 2.59632e-13
3780 2.31691e-13
3781 2.16073e-13
3782 2.12891e-13
3783 2.48616e-13
3784 2.51862e-13
3785 2.46901e-13
3786 2.84662e-13
3787 2.92196e-13
3788 2.66644e-13
3789 2.84149e-13
3790 2.73877e-13
3791 2.7778e-13
3792 2.6661e-13
3793 2.67095e-13
3794 2.60851e-13
3795 3.11747e-13
3796 3.1941e-13
3797 2.88858e-13
3798 2.95984e-13
3799 2.70769e-13
3800 2.46238e-13
3801 2.39254e-13
3802 2.75112e-13
3803 3.12959e-13
3804 3.31952e-13
3805 3.18563e-13
3806 3.34771e-13
3807 3.70748e-13
3808 3.76288e-13
3809 2.98252e-13
3810 2.78592e-13
3811 3.55408e-13
3812 3.17783e-13
3813 3.17136e-13
3814 3.48939e-13
3815 3.20321e-13
3816 3.14156e-13
3817 3.42678e-13
3818 3.37716e-13
3819 3.11952e-13
3820 3.31454e-13
3821 3.20244e-13
3822 3.05351e-13
3823 3.24282e-13
3824 3.23858e-13
3825 3.04849e-13
3826 3.45052e-13
3827 2.95573e-13
3828 2.94107e-13
3829 3.38326e-13
3830 3.45015e-13
3831 3.70703e-13
3832 3.78155e-13
3833 3.89194e-13
3834 3.62638e-13
3835 3.47666e-13
3836 3.94336e-13
3837 4.08518e-13
3838 4.25198e-13
3839 4.4511e-13
3840 4.83759e-13
3841 5.13804e-13
3842 4.94806e-13
3843 4.6742e-13
3844 4.79934e-13
3845 5.50028e-13
3846 5.31401e-13
3847 4.87193e-13
3848 5.30055e-13
3849 5.05411e-13
3850 5.23887e-13
3851 5.14523e-13
3852 4.82542e-13
3853 5.0172e-13
3854 4.99893e-13
3855 5.15403e-13
3856 4.77317e-13
3857 5.08852e-13
3858 5.53045e-13
3859 5.09076e-13
3860 5.37999e-13
3861 5.86726e-13
3862 6.36454e-13
3863 6.04932e-13
3864 5.53428e-13
3865 5.95887e-13
3866 6.21779e-13
3867 6.46022e-13
3868 6.34968e-13
3869 6.51296e-13
3870 6.46583e-13
3871 6.55614e-13
3872 6.60875e-13
3873 6.95128e-13
3874 7.07603e-13
3875 7.29309e-13
3876 7.35711e-13
3877 6.95402e-13
3878 6.50266e-13
3879 7.47381e-13
3880 7.66029e-13
3881 7.85617e-13
3882 7.7285e-13
3883 7.5965e-13
3884 7.41265e-13
3885 7.84757e-13
3886 8.06596e-13
3887 8.36344e-13
3888 8.57448e-13
3889 8.67244e-13
3890 8.40651e-13
3891 8.32516e-13
3892 8.24376e-13
3893 9.22566e-13
3894 9.40262e-13
3895 9.60461e-13
3896 9.80547e-13
3897 9.93195e-13
3898 1.02107e-12
3899 1.0206e-12
3900 1.02339e-12
3901 1.01236e-12
3902 9.85614e-13
3903 9.69765e-13
3904 9.88165e-13
3905 1.01528e-12
3906 1.04331e-12
3907 1.10603e-12
3908 1.07916e-12
3909 1.03961e-12
3910 9.73568e-13
3911 9.7787e-13
3912 1.01435e-12
3913 1.09178e-12
3914 1.1078e-12
3915 1.1004e-12
3916 1.11909e-12
3917 1.10236e-12
3918 1.09208e-12
3919 1.09477e-12
3920 1.08346e-12
3921 1.12154e-12
3922 1.0836e-12
3923 1.04848e-12
3924 1.10769e-12
3925 1.0953e-12
3926 1.0907e-12
3927 1.07614e-12
3928 1.06312e-12
3929 1.10935e-12
3930 1.11583e-12
3931 1.13709e-12
3932 1.14254e-12
3933 1.11468e-12
3934 1.09866e-12
3935 1.05581e-12
3936 1.04642e-12
3937 1.0841e-12
3938 1.01568e-12
3939 9.58061e-13
3940 9.61221e-13
3941 9.75526e-13
3942 9.87326e-13
3943 9.7093e-13
3944 9.53259e-13
3945 9.26614e-13
3946 9.14187e-13
3947 9.32039e-13
3948 9.02846e-13
3949 9.21264e-13
3950 9.75645e-13
3951 1.00617e-12
3952 9.43599e-13
3953 9.56919e-13
3954 9.79699e-13
3955 1.00809e-12
3956 1.01335e-12
3957 9.74618e-13
3958 1.00104e-12
3959 1.00166e-12
3960 1.00497e-12
3961 1.02487e-12
3962 9.89136e-13
3963 9.82104e-13
3964 9.61977e-13
3965 9.85648e-13
3966 1.04904e-12
3967 1.00647e-12
3968 9.71442e-13
3969 9.6053e-13
3970 9.45643e-13
3971 9.13528e-13
3972 9.14637e-13
3973 8.82869e-13
3974 8.62402e-13
3975 8.60064e-13
3976 9.0875e-13
3977 8.79241e-13
3978 8.22896e-13
3979 8.14118e-13
3980 8.09007e-13
3981 7.7244e-13
3982 7.69361e-13
3983 7.92597e-13
3984 8.04598e-13
3985 7.91051e-13
3986 7.83393e-13
3987 7.75782e-13
3988 8.4009e-13
3989 8.3023e-13
3990 7.98722e-13
3991 7.89131e-13
3992 7.72812e-13
3993 7.43849e-13
3994 7.21181e-13
3995 6.97255e-13
3996 7.29751e-13
3997 7.05977e-13
3998 6.76289e-13
3999 6.81228e-13
4000 6.71e-13
4001 6.28931e-13
4002 6.55819e-13
4003 6.66534e-13
4004 6.62039e-13
4005 6.85402e-13
4006 6.6237e-13
4007 6.5234e-13
4008 6.55956e-13
4009 6.7287e-13
4010 7.04075e-13
4011 6.57246e-13
4012 6.4537e-13
4013 6.54297e-13
4014 6.65825e-13
4015 6.91101e-13
4016 6.42204e-13
4017 6.29753e-13
4018 6.8008e-13
4019 6.84397e-13
4020 6.94499e-13
4021 6.44942e-13
4022 6.53702e-13
4023 6.6195e-13
4024 6.86321e-13
4025 6.7907e-13
4026 6.89751e-13
4027 6.74979e-13
4028 6.68342e-13
4029 6.80945e-13
4030 6.73974e-13
4031 6.74107e-13
4032 6.94632e-13
4033 6.93683e-13
4034 6.97436e-13
4035 7.0622e-13
4036 6.97967e-13
4037 6.67853e-13
4038 6.73476e-13
4039 6.716e-13
4040 6.63733e-13
4041 6.71399e-13
4042 6.73737e-13
4043 6.71102e-13
4044 6.55811e-13
4045 6.56081e-13
4046 6.79174e-13
4047 7.01433e-13
4048 6.81695e-13
4049 6.59656e-13
4050 6.57688e-13
4051 6.65292e-13
4052 6.6267e-13
4053 6.47443e-13
4054 6.38139e-13
4055 6.43678e-13
4056 6.55912e-13
4057 6.49594e-13
4058 6.43454e-13
4059 6.67872e-13
4060 6.81249e-13
4061 6.83494e-13
4062 6.90508e-13
4063 6.90115e-13
4064 6.55773e-13
4065 6.5009e-13
4066 6.57194e-13
4067 6.81828e-13
4068 6.80396e-13
4069 6.9985e-13
4070 7.33424e-13
4071 7.32557e-13
4072 7.09557e-13
4073 7.04632e-13
4074 7.0878e-13
4075 7.16128e-13
4076 7.03209e-13
4077 6.84285e-13
4078 6.83046e-13
4079 6.9843e-13
4080 7.35822e-13
4081 7.26162e-13
4082 7.17793e-13
4083 7.09824e-13
4084 7.04097e-13
4085 7.27103e-13
4086 7.16181e-13
4087 7.1128e-13
4088 7.28505e-13
4089 7.22564e-13
4090 7.05843e-13
4091 7.03437e-13
4092 7.00623e-13
4093 7.19823e-13
4094 7.00389e-13
4095 6.73725e-13
4096 7.10025e-13
4097 7.00835e-13
4098 6.73176e-13
4099 6.84712e-13
4100 6.83082e-13
4101 6.64214e-13
4102 6.59777e-13
4103 6.60003e-13
4104 6.37052e-13
4105 6.31736e-13
4106 6.40294e-13
4107 6.46008e-13
4108 6.46472e-13
4109 6.50843e-13
4110 6.46595e-13
4111 6.41802e-13
4112 6.21793e-13
4113 6.22904e-13
4114 6.5156e-13
4115 6.5212e-13
4116 6.50675e-13
4117 6.25756e-13
4118 6.20208e-13
4119 6.12808e-13
4120 6.25024e-13
4121 6.26207e-13
4122 6.0034e-13
4123 6.17101e-13
4124 6.36934e-13
4125 6.52847e-13
4126 6.43391e-13
4127 6.1846e-13
4128 6.38008e-13
4129 6.48606e-13
4130 6.34197e-13
4131 6.18628e-13
4132 5.94291e-13
4133 6.20858e-13
4134 6.30876e-13
4135 6.47786e-13
4136 6.39788e-13
4137 6.32305e-13
4138 6.48362e-13
4139 6.44239e-13
4140 6.32153e-13
4141 6.33252e-13
4142 6.33053e-13
4143 6.51478e-13
4144 6.44791e-13
4145 6.36359e-13
4146 6.35531e-13
4147 6.42039e-13
4148 6.86947e-13
4149 6.56304e-13
4150 6.28654e-13
4151 6.68337e-13
4152 6.52536e-13
4153 6.04144e-13
4154 6.19108e-13
4155 6.25679e-13
4156 6.35199e-13
4157 6.4469e-13
4158 6.59926e-13
4159 6.9102e-13
4160 6.91854e-13
4161 6.48156e-13
4162 6.61611e-13
4163 6.74945e-13
4164 6.55629e-13
4165 6.59737e-13
4166 6.85773e-13
4167 6.79065e-13
4168 6.73375e-13
4169 6.77716e-13
4170 6.71341e-13
4171 6.61085e-13
4172 6.75415e-13
4173 6.79903e-13
4174 6.69238e-13
4175 6.73773e-13
4176 6.80582e-13
4177 6.53937e-13
4178 6.52986e-13
4179 6.81469e-13
4180 6.83606e-13
4181 6.83973e-13
4182 6.72695e-13
4183 6.70973e-13
4184 6.73435e-13
4185 6.64427e-13
4186 6.59798e-13
4187 6.79289e-13
4188 6.8476e-13
4189 6.93636e-13
4190 6.95769e-13
4191 6.95425e-13
4192 6.9197e-13
4193 6.79922e-13
4194 6.64566e-13
4195 6.84643e-13
4196 6.88463e-13
4197 6.94084e-13
4198 7.01978e-13
4199 7.06894e-13
4200 6.86281e-13
4201 6.78528e-13
4202 6.64463e-13
4203 6.70806e-13
4204 6.7502e-13
4205 7.03764e-13
4206 6.95791e-13
4207 6.75327e-13
4208 6.91579e-13
4209 6.96055e-13
4210 7.03678e-13
4211 6.95118e-13
4212 6.84289e-13
4213 6.93905e-13
4214 6.95724e-13
4215 6.94104e-13
4216 6.85829e-13
4217 6.7326e-13
4218 6.64641e-13
4219 6.65792e-13
4220 6.83874e-13
4221 6.81089e-13
4222 6.80973e-13
4223 6.65071e-13
4224 6.6491e-13
4225 6.86517e-13
4226 6.74468e-13
4227 6.63875e-13
4228 6.70754e-13
4229 6.77162e-13
4230 6.97264e-13
4231 7.02869e-13
4232 7.01728e-13
4233 6.92429e-13
4234 6.90312e-13
4235 6.76492e-13
4236 6.72044e-13
4237 6.72802e-13
4238 6.64984e-13
4239 6.71348e-13
4240 6.85923e-13
4241 6.7076e-13
4242 6.62022e-13
4243 6.74721e-13
4244 6.75249e-13
4245 6.78948e-13
4246 6.67502e-13
4247 6.61601e-13
4248 6.94678e-13
4249 6.68719e-13
4250 6.33334e-13
4251 6.53024e-13
4252 6.55584e-13
4253 6.39347e-13
4254 6.45084e-13
4255 6.49929e-13
4256 6.46128e-13
4257 6.43424e-13
4258 6.41264e-13
4259 6.59225e-13
4260 6.8243e-13
4261 6.84184e-13
4262 6.83178e-13
4263 6.81407e-13
4264 6.6878e-13
4265 6.53204e-13
4266 6.54662e-13
4267 6.53694e-13
4268 6.77778e-13
4269 6.77167e-13
4270 6.76949e-13
4271 6.8369e-13
4272 6.79986e-13
4273 6.5329e-13
4274 6.65656e-13
4275 6.78269e-13
4276 6.57572e-13
4277 6.49901e-13
4278 6.43077e-13
4279 6.36434e-13
4280 6.29834e-13
4281 6.31941e-13
4282 6.28607e-13
4283 6.30109e-13
4284 6.29727e-13
4285 6.28925e-13
4286 6.24034e-13
4287 6.18207e-13
4288 5.92635e-13
4289 5.98574e-13
4290 6.05881e-13
4291 6.08512e-13
4292 6.06502e-13
4293 6.01086e-13
4294 5.91271e-13
4295 5.8072e-13
4296 5.99006e-13
4297 6.00061e-13
4298 5.88236e-13
4299 5.92375e-13
4300 5.97979e-13
4301 5.79253e-13
4302 5.73048e-13
4303 5.88417e-13
4304 5.73065e-13
4305 5.54819e-13
4306 5.61972e-13
4307 5.6043e-13
4308 5.40807e-13
4309 5.44124e-13
4310 5.4887e-13
4311 5.38676e-13
4312 5.33014e-13
4313 5.31095e-13
4314 5.34882e-13
4315 5.41088e-13
4316 5.27343e-13
4317 5.20448e-13
4318 5.26843e-13
4319 5.25925e-13
4320 5.25557e-13
4321 5.05116e-13
4322 4.94788e-13
4323 5.17678e-13
4324 5.08019e-13
4325 4.90668e-13
4326 4.93146e-13
4327 4.94451e-13
4328 5.05583e-13
4329 5.04691e-13
4330 5.03367e-13
4331 5.02406e-13
4332 5.01753e-13
4333 5.03869e-13
4334 5.02326e-13
4335 4.99188e-13
4336 4.98833e-13
4337 4.99087e-13
4338 4.82771e-13
4339 4.79696e-13
4340 4.82292e-13
4341 4.80017e-13
4342 4.78067e-13
4343 5.0448e-13
4344 5.04341e-13
4345 4.83708e-13
4346 4.95139e-13
4347 5.077e-13
4348 5.13264e-13
4349 5.15327e-13
4350 5.26387e-13
4351 5.19485e-13
4352 5.10683e-13
4353 5.16203e-13
4354 5.17715e-13
4355 5.26111e-13
4356 5.26708e-13
4357 5.29161e-13
4358 5.3319e-13
4359 5.34612e-13
4360 5.40693e-13
4361 5.38558e-13
4362 5.34833e-13
4363 5.32116e-13
4364 5.29636e-13
4365 5.4411e-13
4366 5.51994e-13
4367 5.8e-13
4368 5.76633e-13
4369 5.73417e-13
4370 5.61883e-13
4371 5.59907e-13
4372 5.71694e-13
4373 5.80061e-13
4374 5.91307e-13
4375 5.98032e-13
4376 5.99112e-13
4377 5.97456e-13
4378 6.01758e-13
4379 6.1059e-13
4380 6.23155e-13
4381 6.28631e-13
4382 6.36727e-13
4383 6.3578e-13
4384 6.33535e-13
4385 6.30876e-13
4386 6.29279e-13
4387 6.3443e-13
4388 6.355e-13
4389 6.42841e-13
4390 6.66595e-13
4391 6.94224e-13
4392 6.90122e-13
4393 6.87951e-13
4394 6.87697e-13
4395 6.91436e-13
4396 6.97884e-13
4397 7.12565e-13
4398 7.17892e-13
4399 7.07573e-13
4400 7.06444e-13
4401 7.07293e-13
4402 7.08377e-13
4403 7.09895e-13
4404 7.11797e-13
4405 7.1157e-13
4406 7.03552e-13
4407 7.12332e-13
4408 7.24565e-13
4409 7.29574e-13
4410 7.2884e-13
4411 7.5586e-13
4412 7.51085e-13
4413 7.43861e-13
4414 7.43092e-13
4415 7.41283e-13
4416 7.49523e-13
4417 7.52935e-13
4418 7.70502e-13
4419 7.79507e-13
4420 7.84862e-13
4421 7.85448e-13
4422 7.85318e-13
4423 7.85688e-13
4424 7.75951e-13
4425 7.65772e-13
4426 7.78832e-13
4427 7.80284e-13
4428 7.7679e-13
4429 7.74229e-13
4430 7.65921e-13
4431 7.70139e-13
4432 7.76112e-13
4433 7.97956e-13
4434 8.00579e-13
4435 7.91163e-13
4436 7.92104e-13
4437 7.93608e-13
4438 7.86353e-13
4439 7.81315e-13
4440 8.1455e-13
4441 8.14535e-13
4442 8.10357e-13
4443 8.0448e-13
4444 7.99709e-13
4445 8.07097e-13
4446 8.05413e-13
4447 8.06423e-13
4448 8.1883e-13
4449 8.3596e-13
4450 8.24682e-13
4451 8.19781e-13
4452 8.42842e-13
4453 8.42854e-13
4454 8.4565e-13
4455 8.46152e-13
4456 8.43931e-13
4457 8.63072e-13
4458 8.65385e-13
4459 8.64331e-13
4460 8.62918e-13
4461 8.65348e-13
4462 8.86913e-13
4463 8.95676e-13
4464 9.05445e-13
4465 9.05413e-13
4466 9.03372e-13
4467 8.99447e-13
4468 9.01125e-13
4469 9.19455e-13
4470 9.25919e-13
4471 9.02069e-13
4472 9.07916e-13
4473 9.17225e-13
4474 9.39487e-13
4475 9.55104e-13
4476 9.63341e-13
4477 9.61127e-13
4478 9.76729e-13
4479 9.89774e-13
4480 1.00202e-12
4481 1.01314e-12
4482 1.01648e-12
4483 9.98372e-13
4484 1.00247e-12
4485 1.0065e-12
4486 1.00169e-12
4487 9.95025e-13
4488 1.03021e-12
4489 1.03505e-12
4490 1.04453e-12
4491 1.05061e-12
4492 1.05904e-12
4493 1.07211e-12
4494 1.08306e-12
4495 1.09487e-12
4496 1.08309e-12
4497 1.06702e-12
4498 1.0805e-12
4499 1.08269e-12
4500 1.08451e-12
4501 1.08957e-12
4502 1.08967e-12
4503 1.08507e-12
4504 1.07551e-12
4505 1.06874e-12
4506 1.06786e-12
4507 1.07694e-12
4508 1.07515e-12
4509 1.07803e-12
4510 1.08667e-12
4511 1.08626e-12
4512 1.08644e-12
4513 1.08565e-12
4514 1.09988e-12
4515 1.10127e-12
4516 1.10715e-12
4517 1.12423e-12
4518 1.14299e-12
4519 1.13267e-12
4520 1.14402e-12
4521 1.15142e-12
4522 1.14924e-12
4523 1.17323e-12
4524 1.1526e-12
4525 1.13721e-12
4526 1.13968e-12
4527 1.14697e-12
4528 1.15784e-12
4529 1.16266e-12
4530 1.17411e-12
4531 1.16749e-12
4532 1.1634e-12
4533 1.15873e-12
4534 1.15049e-12
4535 1.16035e-12
4536 1.15973e-12
4537 1.15772e-12
4538 1.16134e-12
4539 1.15332e-12
4540 1.17615e-12
4541 1.1788e-12
4542 1.1602e-12
4543 1.16574e-12
4544 1.16838e-12
4545 1.19025e-12
4546 1.18534e-12
4547 1.16518e-12
4548 1.16358e-12
4549 1.18152e-12
4550 1.18473e-12
4551 1.19593e-12
4552 1.2062e-12
4553 1.20443e-12
4554 1.22566e-12
4555 1.23887e-12
4556 1.25573e-12
4557 1.23098e-12
4558 1.22126e-12
4559 1.23103e-12
4560 1.22652e-12
4561 1.21071e-12
4562 1.19472e-12
4563 1.208e-12
4564 1.21451e-12
4565 1.20777e-12
4566 1.22432e-12
4567 1.23343e-12
4568 1.24337e-12
4569 1.24259e-12
4570 1.24015e-12
4571 1.25603e-12
4572 1.24428e-12
4573 1.23646e-12
4574 1.23835e-12
4575 1.2267e-12
4576 1.21607e-12
4577 1.21089e-12
4578 1.20623e-12
4579 1.20854e-12
4580 1.21093e-12
4581 1.2052e-12
4582 1.19263e-12
4583 1.18573e-12
4584 1.18409e-12
4585 1.1896e-12
4586 1.18247e-12
4587 1.17279e-12
4588 1.17316e-12
4589 1.17985e-12
4590 1.17355e-12
4591 1.18274e-12
4592 1.17047e-12
4593 1.16009e-12
4594 1.15032e-12
4595 1.13959e-12
4596 1.13861e-12
4597 1.13781e-12
4598 1.13961e-12
4599 1.12946e-12
4600 1.11057e-12
4601 1.10376e-12
4602 1.11533e-12
4603 1.12055e-12
4604 1.11317e-12
4605 1.12599e-12
4606 1.12824e-12
4607 1.13143e-12
4608 1.12583e-12
4609 1.12417e-12
4610 1.13539e-12
4611 1.13928e-12
4612 1.14612e-12
4613 1.15496e-12
4614 1.1489e-12
4615 1.1563e-12
4616 1.13645e-12
4617 1.12627e-12
4618 1.12757e-12
4619 1.11354e-12
4620 1.10916e-12
4621 1.12854e-12
4622 1.1197e-12
4623 1.11532e-12
4624 1.12289e-12
4625 1.12924e-12
4626 1.13445e-12
4627 1.13175e-12
4628 1.1395e-12
4629 1.1533e-12
4630 1.15031e-12
4631 1.13426e-12
4632 1.12867e-12
4633 1.12992e-12
4634 1.12599e-12
4635 1.12404e-12
4636 1.14189e-12
4637 1.14938e-12
4638 1.14526e-12
4639 1.1518e-12
4640 1.15473e-12
4641 1.16092e-12
4642 1.1509e-12
4643 1.13086e-12
4644 1.12738e-12
4645 1.12266e-12
4646 1.12035e-12
4647 1.11762e-12
4648 1.12552e-12
4649 1.13704e-12
4650 1.13883e-12
4651 1.11589e-12
4652 1.11827e-12
4653 1.13449e-12
4654 1.1294e-12
4655 1.12408e-12
4656 1.12415e-12
4657 1.10286e-12
4658 1.1048e-12
4659 1.10049e-12
4660 1.10586e-12
4661 1.10916e-12
4662 1.10076e-12
4663 1.08803e-12
4664 1.09119e-12
4665 1.08354e-12
4666 1.08471e-12
4667 1.07317e-12
4668 1.05976e-12
4669 1.04552e-12
4670 1.03389e-12
4671 1.01344e-12
4672 1.01416e-12
4673 1.01473e-12
4674 1.00477e-12
4675 9.96149e-13
4676 9.81297e-13
4677 9.72285e-13
4678 9.53158e-13
4679 9.46883e-13
4680 9.51276e-13
4681 9.51624e-13
4682 9.51761e-13
4683 9.35544e-13
4684 9.22751e-13
4685 9.25429e-13
4686 9.22112e-13
4687 9.11658e-13
4688 9.10343e-13
4689 9.00665e-13
4690 8.94738e-13
4691 8.95831e-13
4692 9.0655e-13
4693 9.04297e-13
4694 9.06797e-13
4695 9.04558e-13
4696 8.94057e-13
4697 8.86822e-13
4698 8.85848e-13
4699 8.96266e-13
4700 8.96477e-13
4701 8.8655e-13
4702 8.82248e-13
4703 8.6125e-13
4704 8.63177e-13
4705 8.59605e-13
4706 8.54782e-13
4707 8.59444e-13
4708 8.59642e-13
4709 8.60471e-13
4710 8.66801e-13
4711 8.72199e-13
4712 8.74772e-13
4713 8.80129e-13
4714 8.80382e-13
4715 8.67424e-13
4716 8.69178e-13
4717 8.71827e-13
4718 8.7075e-13
4719 8.68542e-13
4720 8.72145e-13
4721 8.78923e-13
4722 8.72532e-13
4723 8.67046e-13
4724 8.94884e-13
4725 8.96448e-13
4726 8.81227e-13
4727 8.71983e-13
4728 8.63968e-13
4729 8.69037e-13
4730 8.72525e-13
4731 8.88906e-13
4732 8.88291e-13
4733 8.97176e-13
4734 9.02426e-13
4735 9.03233e-13
4736 8.9522e-13
4737 8.85735e-13
4738 8.82806e-13
4739 8.83648e-13
4740 9.08297e-13
4741 9.08416e-13
4742 8.97864e-13
4743 8.95742e-13
4744 9.03036e-13
4745 9.0704e-13
4746 9.13485e-13
4747 9.13152e-13
4748 9.09148e-13
4749 9.14359e-13
4750 9.16885e-13
4751 9.04455e-13
4752 9.00366e-13
4753 8.97136e-13
4754 8.9055e-13
4755 8.816e-13
4756 8.88097e-13
4757 8.89378e-13
4758 8.73986e-13
4759 8.73186e-13
4760 8.73505e-13
4761 8.7002e-13
4762 8.59849e-13
4763 8.51736e-13
4764 8.45863e-13
4765 8.33029e-13
4766 8.24905e-13
4767 8.1005e-13
4768 8.03874e-13
4769 7.92368e-13
4770 7.90196e-13
4771 7.90481e-13
4772 7.95798e-13
4773 7.97718e-13
4774 8.01728e-13
4775 8.01428e-13
4776 7.80321e-13
4777 7.75198e-13
4778 7.65284e-13
4779 7.68616e-13
4780 7.73878e-13
4781 7.6661e-13
4782 7.6258e-13
4783 7.6114e-13
4784 7.58948e-13
4785 7.41341e-13
4786 7.42703e-13
4787 7.49348e-13
4788 7.48672e-13
4789 7.48144e-13
4790 7.50256e-13
4791 7.50103e-13
4792 7.49461e-13
4793 7.48392e-13
4794 7.44017e-13
4795 7.40276e-13
4796 7.32063e-13
4797 7.30614e-13
4798 7.29304e-13
4799 7.30969e-13
4800 7.31211e-13
4801 7.39812e-13
4802 7.39866e-13
4803 7.36632e-13
4804 7.36883e-13
4805 7.39626e-13
4806 7.37379e-13
4807 7.34977e-13
4808 7.47671e-13
4809 7.53084e-13
4810 7.69997e-13
4811 7.7209e-13
4812 7.85154e-13
4813 7.85419e-13
4814 7.87888e-13
4815 7.87377e-13
4816 7.86969e-13
4817 7.76997e-13
4818 7.70899e-13
4819 7.503e-13
4820 7.45243e-13
4821 7.54569e-13
4822 7.53441e-13
4823 7.52891e-13
4824 7.63837e-13
4825 7.7705e-13
4826 7.81221e-13
4827 7.83465e-13
4828 7.78434e-13
4829 7.77367e-13
4830 7.85598e-13
4831 7.81831e-13
4832 7.71129e-13
4833 7.78294e-13
4834 7.84761e-13
4835 7.93109e-13
4836 7.98526e-13
4837 8.09394e-13
4838 8.07458e-13
4839 8.08465e-13
4840 8.03791e-13
4841 7.87793e-13
4842 7.84893e-13
4843 7.77053e-13
4844 7.70005e-13
4845 7.66021e-13
4846 7.7744e-13
4847 7.77672e-13
4848 7.78569e-13
4849 7.73241e-13
4850 7.5098e-13
4851 7.39485e-13
4852 7.21833e-13
4853 7.09103e-13
4854 6.991e-13
4855 6.97875e-13
4856 6.99539e-13
4857 6.82761e-13
4858 6.82515e-13
4859 6.81786e-13
4860 6.72914e-13
4861 6.56151e-13
4862 6.51288e-13
4863 6.42403e-13
4864 6.38493e-13
4865 6.36304e-13
4866 6.15136e-13
4867 6.08649e-13
4868 6.03666e-13
4869 5.99174e-13
4870 5.84908e-13
4871 5.78729e-13
4872 5.75959e-13
4873 5.72414e-13
4874 5.67212e-13
4875 5.59653e-13
4876 5.57669e-13
4877 5.54122e-13
4878 5.55255e-13
4879 5.52976e-13
4880 5.4829e-13
4881 5.42131e-13
4882 5.44102e-13
4883 5.50695e-13
4884 5.41572e-13
4885 5.33966e-13
4886 5.24682e-13
4887 5.21586e-13
4888 5.10599e-13
4889 5.10157e-13
4890 5.1019e-13
4891 5.0859e-13
4892 5.09212e-13
4893 5.02125e-13
4894 4.96962e-13
4895 4.97078e-13
4896 5.00517e-13
4897 5.05934e-13
4898 5.04242e-13
4899 4.96789e-13
4900 5.01042e-13
4901 5.10037e-13
4902 5.11525e-13
4903 5.12323e-13
4904 5.13138e-13
4905 5.15218e-13
4906 5.22182e-13
4907 5.25071e-13
4908 5.21381e-13
4909 5.23482e-13
4910 5.29861e-13
4911 5.31693e-13
4912 5.35837e-13
4913 5.35559e-13
4914 5.35077e-13
4915 5.39371e-13
4916 5.37563e-13
4917 5.40038e-13
4918 5.43882e-13
4919 5.48155e-13
4920 5.51749e-13
4921 5.5081e-13
4922 5.56529e-13
4923 5.60811e-13
4924 5.5738e-13
4925 5.61318e-13
4926 5.78441e-13
4927 5.8225e-13
4928 5.9351e-13
4929 6.07577e-13
4930 6.08897e-13
4931 6.07036e-13
4932 6.07464e-13
4933 6.24364e-13
4934 6.29051e-13
4935 6.2953e-13
4936 6.35119e-13
4937 6.47892e-13
4938 6.45929e-13
4939 6.35707e-13
4940 6.34065e-13
4941 6.37927e-13
4942 6.39434e-13
4943 6.31846e-13
4944 6.37051e-13
4945 6.46704e-13
4946 6.51279e-13
4947 6.59295e-13
4948 6.69939e-13
4949 6.67493e-13
4950 6.61705e-13
4951 6.57589e-13
4952 6.61729e-13
4953 6.61024e-13
4954 6.60391e-13
4955 6.54133e-13
4956 6.5668e-13
4957 6.66699e-13
4958 6.69091e-13
4959 6.63929e-13
4960 6.63479e-13
4961 6.77527e-13
4962 6.80255e-13
4963 6.77466e-13
4964 6.72809e-13
4965 6.73869e-13
4966 6.7516e-13
4967 6.73455e-13
4968 6.70831e-13
4969 6.67829e-13
4970 6.75786e-13
4971 6.83806e-13
4972 6.86548e-13
4973 6.88983e-13
4974 6.99226e-13
4975 6.94955e-13
4976 6.91098e-13
4977 6.9453e-13
4978 6.91511e-13
4979 6.93373e-13
4980 7.03386e-13
4981 7.01932e-13
4982 7.03061e-13
4983 7.03561e-13
4984 7.05569e-13
4985 7.04806e-13
4986 7.00472e-13
4987 7.02505e-13
4988 6.95144e-13
4989 6.88353e-13
4990 6.83198e-13
4991 6.77509e-13
4992 6.67231e-13
4993 6.6006e-13
4994 6.65486e-13
4995 6.57169e-13
4996 6.58154e-13
4997 6.62334e-13
4998 6.56483e-13
4999 6.50484e-13
5000 6.5374e-13
5001 6.5653e-13
5002 6.58101e-13
5003 6.57401e-13
5004 6.61815e-13
5005 6.51963e-13
5006 6.46053e-13
5007 6.43691e-13
5008 6.44793e-13
5009 6.4358e-13
5010 6.38866e-13
5011 6.39359e-13
5012 6.45303e-13
5013 6.5521e-13
5014 6.56877e-13
5015 6.62667e-13
5016 6.71706e-13
5017 6.74978e-13
5018 6.8275e-13
5019 6.79121e-13
5020 6.83442e-13
5021 6.7693e-13
5022 6.72545e-13
5023 6.70753e-13
5024 6.65966e-13
5025 6.65968e-13
5026 6.65019e-13
5027 6.64767e-13
5028 6.69971e-13
5029 6.7183e-13
5030 6.72248e-13
5031 6.67658e-13
5032 6.65864e-13
5033 6.55491e-13
5034 6.55288e-13
5035 6.56941e-13
5036 6.58893e-13
5037 6.69649e-13
5038 6.64381e-13
5039 6.55682e-13
5040 6.59674e-13
5041 6.65793e-13
5042 6.62972e-13
5043 6.55064e-13
5044 6.56381e-13
5045 6.58312e-13
5046 6.61747e-13
5047 6.70133e-13
5048 6.86016e-13
5049 6.86752e-13
5050 6.94909e-13
5051 7.01769e-13
5052 7.04104e-13
5053 7.15109e-13
5054 7.17051e-13
5055 7.11238e-13
5056 7.09281e-13
5057 7.18601e-13
5058 7.17983e-13
5059 7.16672e-13
5060 7.18082e-13
5061 7.21e-13
5062 7.14014e-13
5063 7.09388e-13
5064 7.05238e-13
5065 7.02955e-13
5066 7.03738e-13
5067 7.04473e-13
5068 7.10933e-13
5069 7.18169e-13
5070 7.22856e-13
5071 7.21061e-13
5072 7.2128e-13
5073 7.1866e-13
5074 7.15517e-13
5075 7.08788e-13
5076 7.04045e-13
5077 7.07256e-13
5078 7.07683e-13
5079 7.05272e-13
5080 7.09788e-13
5081 7.269e-13
5082 7.20659e-13
5083 7.06186e-13
5084 7.11261e-13
5085 7.16952e-13
5086 7.28011e-13
5087 7.33571e-13
5088 7.26825e-13
5089 7.23083e-13
5090 7.27719e-13
5091 7.31804e-13
5092 7.29393e-13
5093 7.30472e-13
5094 7.36994e-13
5095 7.35764e-13
5096 7.37575e-13
5097 7.41601e-13
5098 7.45731e-13
5099 7.51029e-13
5100 7.53916e-13
5101 7.70549e-13
5102 7.71742e-13
5103 7.69547e-13
5104 7.71457e-13
5105 7.68647e-13
5106 7.69476e-13
5107 7.7587e-13
5108 7.82754e-13
5109 7.91875e-13
5110 7.88235e-13
5111 7.84198e-13
5112 7.82868e-13
5113 7.839e-13
5114 7.94774e-13
5115 7.95403e-13
5116 7.92966e-13
5117 7.94748e-13
5118 7.98431e-13
5119 8.0073e-13
5120 8.0173e-13
5121 8.04492e-13
5122 8.05634e-13
5123 8.12465e-13
5124 8.1474e-13
5125 8.17188e-13
5126 8.17369e-13
5127 8.15272e-13
5128 8.15004e-13
5129 8.10558e-13
5130 8.11196e-13
5131 8.11119e-13
5132 8.11493e-13
5133 8.11663e-13
5134 8.1632e-13
5135 8.19063e-13
5136 8.34831e-13
5137 8.39232e-13
5138 8.49531e-13
5139 8.48936e-13
5140 8.36027e-13
5141 8.3636e-13
5142 8.43969e-13
5143 8.43232e-13
5144 8.42529e-13
5145 8.48253e-13
5146 8.53994e-13
5147 8.47159e-13
5148 8.4359e-13
5149 8.38288e-13
5150 8.36369e-13
5151 8.47982e-13
5152 8.4816e-13
5153 8.44239e-13
5154 8.47093e-13
5155 8.57593e-13
5156 8.58557e-13
5157 8.60175e-13
5158 8.63277e-13
5159 8.65493e-13
5160 8.68611e-13
5161 8.69729e-13
5162 8.64272e-13
5163 8.62734e-13
5164 8.70644e-13
5165 8.71327e-13
5166 8.77913e-13
5167 8.74121e-13
5168 8.65038e-13
5169 8.63503e-13
5170 8.61521e-13
5171 8.64653e-13
5172 8.66682e-13
5173 8.69609e-13
5174 8.70478e-13
5175 8.69822e-13
5176 8.69633e-13
5177 8.66406e-13
5178 8.64224e-13
5179 8.54032e-13
5180 8.53152e-13
5181 8.52319e-13
5182 8.50643e-13
5183 8.4749e-13
5184 8.5061e-13
5185 8.52919e-13
5186 8.60497e-13
5187 8.61491e-13
5188 8.54891e-13
5189 8.54357e-13
5190 8.65812e-13
5191 8.67362e-13
5192 8.8069e-13
5193 8.79344e-13
5194 8.79104e-13
5195 8.79654e-13
5196 8.80064e-13
5197 8.86566e-13
5198 8.89943e-13
5199 8.88548e-13
5200 8.87493e-13
5201 8.7789e-13
5202 8.74392e-13
5203 8.71958e-13
5204 8.71683e-13
5205 8.72953e-13
5206 8.69172e-13
5207 8.63559e-13
5208 8.6182e-13
5209 8.59184e-13
5210 8.58945e-13
5211 8.58972e-13
5212 8.70489e-13
5213 8.72306e-13
5214 8.74955e-13
5215 8.73829e-13
5216 8.61492e-13
5217 8.59736e-13
5218 8.57303e-13
5219 8.61066e-13
5220 8.67562e-13
5221 8.80313e-13
5222 8.94113e-13
5223 8.95221e-13
5224 8.97948e-13
5225 9.08637e-13
5226 9.09697e-13
5227 9.05324e-13
5228 9.08262e-13
5229 9.15278e-13
5230 9.16538e-13
5231 9.16316e-13
5232 9.21796e-13
5233 9.30406e-13
5234 9.31274e-13
5235 9.32688e-13
5236 9.33387e-13
5237 9.31947e-13
5238 9.33311e-13
5239 9.32835e-13
5240 9.26488e-13
5241 9.24101e-13
5242 9.20315e-13
5243 9.23448e-13
5244 9.3369e-13
5245 9.42857e-13
5246 9.54723e-13
5247 9.51586e-13
5248 9.44195e-13
5249 9.46755e-13
5250 9.46003e-13
5251 9.45198e-13
5252 9.4722e-13
5253 9.43608e-13
5254 9.45174e-13
5255 9.50668e-13
5256 9.4766e-13
5257 9.40054e-13
5258 9.4159e-13
5259 9.42629e-13
5260 9.33497e-13
5261 9.21004e-13
5262 9.31531e-13
5263 9.35166e-13
5264 9.20514e-13
5265 9.14593e-13
5266 9.04614e-13
5267 9.0162e-13
5268 9.02859e-13
5269 9.00378e-13
5270 9.0661e-13
5271 9.07578e-13
5272 9.03604e-13
5273 8.96583e-13
5274 8.8701e-13
5275 8.7366e-13
5276 8.66484e-13
5277 8.56906e-13
5278 8.49704e-13
5279 8.4433e-13
5280 8.41027e-13
5281 8.44318e-13
5282 8.42634e-13
5283 8.1505e-13
5284 8.13532e-13
5285 8.10474e-13
5286 8.0834e-13
5287 8.06276e-13
5288 8.10483e-13
5289 8.13477e-13
5290 8.01309e-13
5291 7.9509e-13
5292 7.82958e-13
5293 7.77225e-13
5294 7.66728e-13
5295 7.60384e-13
5296 7.59295e-13
5297 7.5917e-13
5298 7.55403e-13
5299 7.44935e-13
5300 7.42058e-13
5301 7.40293e-13
5302 7.31668e-13
5303 7.32989e-13
5304 7.29884e-13
5305 7.24723e-13
5306 7.23545e-13
5307 7.20637e-13
5308 7.14743e-13
5309 7.09352e-13
5310 7.12343e-13
5311 7.09078e-13
5312 7.13233e-13
5313 7.05696e-13
5314 7.031e-13
5315 6.97522e-13
5316 6.82346e-13
5317 6.82732e-13
5318 6.85847e-13
5319 6.89474e-13
5320 6.92506e-13
5321 6.91356e-13
5322 6.87752e-13
5323 6.883e-13
5324 6.8269e-13
5325 6.78517e-13
5326 6.76097e-13
5327 6.71546e-13
5328 6.71062e-13
5329 6.75133e-13
5330 6.73589e-13
5331 6.71292e-13
5332 6.70095e-13
5333 6.73823e-13
5334 6.8037e-13
5335 6.94795e-13
5336 6.93865e-13
5337 6.9242e-13
5338 6.98643e-13
5339 7.09784e-13
5340 7.12298e-13
5341 7.13048e-13
5342 7.08581e-13
5343 7.10006e-13
5344 7.02254e-13
5345 6.92535e-13
5346 6.92941e-13
5347 6.88725e-13
5348 6.8412e-13
5349 6.83117e-13
5350 6.88289e-13
5351 6.95703e-13
5352 7.01265e-13
5353 6.95168e-13
5354 6.88254e-13
5355 6.85895e-13
5356 6.86289e-13
5357 6.89675e-13
5358 6.90758e-13
5359 6.86575e-13
5360 6.88741e-13
5361 6.91349e-13
5362 6.88648e-13
5363 6.84179e-13
5364 6.77701e-13
5365 6.71988e-13
5366 6.67096e-13
5367 6.63452e-13
5368 6.597e-13
5369 6.66914e-13
5370 6.7042e-13
5371 6.8365e-13
5372 6.86737e-13
5373 6.83941e-13
5374 6.88501e-13
5375 6.88678e-13
5376 6.91253e-13
5377 6.88581e-13
5378 6.88849e-13
5379 6.9155e-13
5380 6.89984e-13
5381 6.91043e-13
5382 6.94509e-13
5383 6.88369e-13
5384 6.87441e-13
5385 6.87561e-13
5386 6.88497e-13
5387 6.8113e-13
5388 6.88136e-13
5389 6.90501e-13
5390 6.9417e-13
5391 6.99019e-13
5392 7.03457e-13
5393 7.11433e-13
5394 7.17908e-13
5395 7.18276e-13
5396 7.13165e-13
5397 7.1706e-13
5398 7.2028e-13
5399 7.06949e-13
5400 7.00507e-13
5401 6.97127e-13
5402 7.01269e-13
5403 7.09412e-13
5404 7.20649e-13
5405 7.26475e-13
5406 7.22938e-13
5407 7.23594e-13
5408 7.33995e-13
5409 7.34275e-13
5410 7.27631e-13
5411 7.27986e-13
5412 7.21632e-13
5413 7.15602e-13
5414 7.069e-13
5415 6.99068e-13
5416 6.94671e-13
5417 6.94616e-13
5418 6.94225e-13
5419 6.91367e-13
5420 6.91578e-13
5421 6.99269e-13
5422 7.05098e-13
5423 7.01517e-13
5424 7.01549e-13
5425 7.02993e-13
5426 6.94634e-13
5427 6.88532e-13
5428 6.87574e-13
5429 6.82806e-13
5430 6.80339e-13
5431 6.84186e-13
5432 6.85314e-13
5433 6.86641e-13
5434 6.88375e-13
5435 6.8656e-13
5436 6.85392e-13
5437 6.87216e-13
5438 6.79359e-13
5439 6.70437e-13
5440 6.6734e-13
5441 6.62727e-13
5442 6.59163e-13
5443 6.50608e-13
5444 6.44634e-13
5445 6.4855e-13
5446 6.5093e-13
5447 6.48759e-13
5448 6.50309e-13
5449 6.48564e-13
5450 6.39872e-13
5451 6.41831e-13
5452 6.43804e-13
5453 6.43845e-13
5454 6.38546e-13
5455 6.2965e-13
5456 6.37942e-13
5457 6.50412e-13
5458 6.46039e-13
5459 6.33678e-13
5460 6.28397e-13
5461 6.26562e-13
5462 6.23197e-13
5463 6.18168e-13
5464 6.12974e-13
5465 6.11217e-13
5466 6.06071e-13
5467 6.00043e-13
5468 5.93415e-13
5469 5.96595e-13
5470 5.91244e-13
5471 5.87308e-13
5472 5.86308e-13
5473 5.89553e-13
5474 5.93895e-13
5475 5.92895e-13
5476 5.94691e-13
5477 5.95348e-13
5478 5.94642e-13
5479 5.81578e-13
5480 5.67613e-13
5481 5.67536e-13
5482 5.66391e-13
5483 5.59158e-13
5484 5.55356e-13
5485 5.54788e-13
5486 5.55894e-13
5487 5.59909e-13
5488 5.61022e-13
5489 5.58804e-13
5490 5.54836e-13
5491 5.51252e-13
5492 5.4591e-13
5493 5.38139e-13
5494 5.30683e-13
5495 5.26876e-13
5496 5.23514e-13
5497 5.22359e-13
5498 5.11212e-13
5499 5.0941e-13
5500 5.12266e-13
5501 5.10903e-13
5502 5.10147e-13
5503 5.10067e-13
5504 5.09108e-13
5505 5.1106e-13
5506 5.11647e-13
5507 5.10541e-13
5508 5.14717e-13
5509 5.15329e-13
5510 5.15715e-13
5511 5.17097e-13
5512 5.17455e-13
5513 5.1808e-13
5514 5.17448e-13
5515 5.16283e-13
5516 5.17686e-13
5517 5.16024e-13
5518 5.14646e-13
5519 5.12984e-13
5520 5.12264e-13
5521 5.13147e-13
5522 5.17924e-13
5523 5.24844e-13
5524 5.2862e-13
5525 5.32245e-13
5526 5.38061e-13
5527 5.41184e-13
5528 5.46647e-13
5529 5.51414e-13
5530 5.52246e-13
5531 5.50115e-13
5532 5.50414e-13
5533 5.50677e-13
5534 5.52549e-13
5535 5.57901e-13
5536 5.68947e-13
5537 5.6847e-13
5538 5.71539e-13
5539 5.71972e-13
5540 5.68611e-13
5541 5.775e-13
5542 5.82868e-13
5543 5.88188e-13
5544 5.88704e-13
5545 5.90556e-13
5546 5.95529e-13
5547 6.02436e-13
5548 6.03637e-13
5549 6.03958e-13
5550 6.07053e-13
5551 6.12955e-13
5552 6.18298e-13
5553 6.20504e-13
5554 6.2853e-13
5555 6.31272e-13
5556 6.32796e-13
5557 6.36774e-13
5558 6.53076e-13
5559 6.56836e-13
5560 6.60267e-13
5561 6.64431e-13
5562 6.67703e-13
5563 6.7071e-13
5564 6.73237e-13
5565 6.79804e-13
5566 6.82654e-13
5567 6.86358e-13
5568 6.88269e-13
5569 6.98934e-13
5570 6.99443e-13
5571 7.05251e-13
5572 7.07134e-13
5573 7.09617e-13
5574 7.16028e-13
5575 7.27089e-13
5576 7.32414e-13
5577 7.36055e-13
5578 7.38022e-13
5579 7.41213e-13
5580 7.46823e-13
5581 7.49725e-13
5582 7.46511e-13
5583 7.47749e-13
5584 7.56353e-13
5585 7.58651e-13
5586 7.59018e-13
5587 7.57184e-13
5588 7.54514e-13
5589 7.61967e-13
5590 7.63589e-13
5591 7.59082e-13
5592 7.54989e-13
5593 7.63364e-13
5594 7.65083e-13
5595 7.60344e-13
5596 7.61449e-13
5597 7.70222e-13
5598 7.75719e-13
5599 7.72747e-13
5600 7.71763e-13
5601 7.78076e-13
5602 7.79662e-13
5603 7.77686e-13
5604 7.76486e-13
5605 7.74825e-13
5606 7.73778e-13
5607 7.74378e-13
5608 7.74816e-13
5609 7.77176e-13
5610 7.73974e-13
5611 7.71089e-13
5612 7.84216e-13
5613 7.86875e-13
5614 7.9281e-13
5615 7.96302e-13
5616 8.07063e-13
5617 8.08885e-13
5618 8.10164e-13
5619 8.02026e-13
5620 7.9404e-13
5621 7.92017e-13
5622 7.87997e-13
5623 7.91889e-13
5624 7.90603e-13
5625 7.91258e-13
5626 7.90316e-13
5627 7.85052e-13
5628 7.80415e-13
5629 7.71843e-13
5630 7.7811e-13
5631 7.8437e-13
5632 7.82873e-13
5633 7.8693e-13
5634 7.94801e-13
5635 8.01401e-13
5636 7.86564e-13
5637 7.83562e-13
5638 7.81478e-13
5639 7.80812e-13
5640 7.80291e-13
5641 7.7908e-13
5642 7.72946e-13
5643 7.75185e-13
5644 7.73068e-13
5645 7.75846e-13
5646 7.79293e-13
5647 7.71716e-13
5648 7.65708e-13
5649 7.62513e-13
5650 7.64209e-13
5651 7.70328e-13
5652 7.70575e-13
5653 7.6259e-13
5654 7.6455e-13
5655 7.73159e-13
5656 7.76277e-13
5657 7.86974e-13
5658 7.85791e-13
5659 7.85401e-13
5660 7.85419e-13
5661 7.88627e-13
5662 7.83448e-13
5663 7.77633e-13
5664 7.75345e-13
5665 7.73029e-13
5666 7.61218e-13
5667 7.60177e-13
5668 7.64377e-13
5669 7.61322e-13
5670 7.50692e-13
5671 7.54383e-13
5672 7.53736e-13
5673 7.52689e-13
5674 7.53875e-13
5675 7.46727e-13
5676 7.4749e-13
5677 7.40578e-13
5678 7.37301e-13
5679 7.42336e-13
5680 7.42495e-13
5681 7.45983e-13
5682 7.47078e-13
5683 7.52479e-13
5684 7.51315e-13
5685 7.47094e-13
5686 7.41316e-13
5687 7.33463e-13
5688 7.35675e-13
5689 7.37781e-13
5690 7.35077e-13
5691 7.34745e-13
5692 7.22076e-13
5693 7.2033e-13
5694 7.22639e-13
5695 7.2302e-13
5696 7.22352e-13
5697 7.20775e-13
5698 7.16113e-13
5699 7.18754e-13
5700 7.18627e-13
5701 7.1732e-13
5702 7.19949e-13
5703 7.19271e-13
5704 7.208e-13
5705 7.18315e-13
5706 7.17489e-13
5707 7.19349e-13
5708 7.23528e-13
5709 7.38332e-13
5710 7.40138e-13
5711 7.4429e-13
5712 7.45636e-13
5713 7.46238e-13
5714 7.42986e-13
5715 7.38211e-13
5716 7.3256e-13
5717 7.30132e-13
5718 7.36324e-13
5719 7.36708e-13
5720 7.30505e-13
5721 7.27943e-13
5722 7.22251e-13
5723 7.21685e-13
5724 7.25258e-13
5725 7.22869e-13
5726 7.21597e-13
5727 7.23792e-13
5728 7.26044e-13
5729 7.21917e-13
5730 7.22784e-13
5731 7.19672e-13
5732 7.18584e-13
5733 7.22486e-13
5734 7.21775e-13
5735 7.06204e-13
5736 7.06763e-13
5737 7.00937e-13
5738 6.92343e-13
5739 6.81597e-13
5740 6.82191e-13
5741 6.80256e-13
5742 6.81097e-13
5743 6.79194e-13
5744 6.72849e-13
5745 6.69428e-13
5746 6.59149e-13
5747 6.59606e-13
5748 6.55584e-13
5749 6.4796e-13
5750 6.34295e-13
5751 6.26768e-13
5752 6.14051e-13
5753 6.11976e-13
5754 6.10096e-13
5755 6.07961e-13
5756 6.06664e-13
5757 5.8831e-13
5758 5.83968e-13
5759 5.74082e-13
5760 5.7137e-13
5761 5.62177e-13
5762 5.58412e-13
5763 5.50614e-13
5764 5.52932e-13
5765 5.47136e-13
5766 5.44401e-13
5767 5.42155e-13
5768 5.40567e-13
5769 5.39924e-13
5770 5.31243e-13
5771 5.28447e-13
5772 5.27368e-13
5773 5.26088e-13
5774 5.19876e-13
5775 5.19006e-13
5776 5.16377e-13
5777 5.12906e-13
5778 5.0827e-13
5779 5.08311e-13
5780 5.0795e-13
5781 5.02348e-13
5782 4.99113e-13
5783 4.90271e-13
5784 4.88705e-13
5785 4.8091e-13
5786 4.77835e-13
5787 4.71465e-13
5788 4.72113e-13
5789 4.7142e-13
5790 4.68149e-13
5791 4.60498e-13
5792 4.62906e-13
5793 4.66151e-13
5794 4.57588e-13
5795 4.53836e-13
5796 4.50399e-13
5797 4.518e-13
5798 4.54354e-13
5799 4.54868e-13
5800 4.64035e-13
5801 4.65756e-13
5802 4.68952e-13
5803 4.69234e-13
5804 4.72068e-13
5805 4.7213e-13
5806 4.71979e-13
5807 4.80907e-13
5808 4.82884e-13
5809 4.87555e-13
5810 4.88136e-13
5811 4.76747e-13
5812 4.7765e-13
5813 4.88175e-13
5814 4.86025e-13
5815 4.84261e-13
5816 4.93456e-13
5817 5.03097e-13
5818 5.03346e-13
5819 5.0582e-13
5820 5.04834e-13
5821 5.03456e-13
5822 5.06906e-13
5823 5.08907e-13
5824 5.13661e-13
5825 5.13148e-13
5826 5.17734e-13
5827 5.217e-13
5828 5.25314e-13
5829 5.31068e-13
5830 5.34844e-13
5831 5.34786e-13
5832 5.35648e-13
5833 5.29662e-13
5834 5.29648e-13
5835 5.35892e-13
5836 5.3952e-13
5837 5.45631e-13
5838 5.50722e-13
5839 5.63439e-13
5840 5.66023e-13
5841 5.71181e-13
5842 5.66708e-13
5843 5.63064e-13
5844 5.74066e-13
5845 5.77161e-13
5846 5.75146e-13
5847 5.78455e-13
5848 5.91544e-13
5849 5.94081e-13
5850 6.00009e-13
5851 6.01095e-13
5852 6.0364e-13
5853 6.06178e-13
5854 6.08444e-13
5855 6.08344e-13
5856 6.08698e-13
5857 6.20649e-13
5858 6.26189e-13
5859 6.2e-13
5860 6.15943e-13
5861 6.11407e-13
5862 6.10849e-13
5863 6.12303e-13
5864 6.1775e-13
5865 6.22042e-13
5866 6.26126e-13
5867 6.31363e-13
5868 6.30517e-13
5869 6.32088e-13
5870 6.35601e-13
5871 6.36516e-13
5872 6.45115e-13
5873 6.47291e-13
5874 6.56881e-13
5875 6.54968e-13
5876 6.48053e-13
5877 6.55403e-13
5878 6.60519e-13
5879 6.69672e-13
5880 6.72163e-13
5881 6.75932e-13
5882 6.78169e-13
5883 6.90934e-13
5884 6.87852e-13
5885 6.78711e-13
5886 6.81381e-13
5887 6.83794e-13
5888 6.84517e-13
5889 6.8657e-13
5890 6.78937e-13
5891 6.74962e-13
5892 6.68852e-13
5893 6.67138e-13
5894 6.6569e-13
5895 6.65449e-13
5896 6.59514e-13
5897 6.60531e-13
5898 6.58369e-13
5899 6.56851e-13
5900 6.48305e-13
5901 6.40301e-13
5902 6.34292e-13
5903 6.07696e-13
5904 5.95854e-13
5905 5.58055e-13
5906 5.48491e-13
5907 5.28006e-13
5908 5.22874e-13
5909 5.15437e-13
5910 5.15652e-13
5911 5.13898e-13
5912 5.19677e-13
5913 5.28987e-13
5914 5.43484e-13
5915 5.52522e-13
5916 5.84028e-13
5917 5.96759e-13
5918 6.36734e-13
5919 6.50217e-13
5920 6.83014e-13
5921 6.91971e-13
5922 7.07292e-13
5923 7.10152e-13
5924 7.15075e-13
5925 7.16629e-13
5926 7.17411e-13
5927 7.1526e-13
5928 7.12982e-13
5929 7.07868e-13
5930 7.07488e-13
5931 7.07448e-13
5932 7.11605e-13
5933 7.18351e-13
5934 7.20998e-13
5935 7.26632e-13
5936 7.29464e-13
5937 7.33429e-13
5938 7.31103e-13
5939 7.30059e-13
5940 7.33907e-13
5941 7.36248e-13
5942 7.32592e-13
5943 7.33142e-13
5944 7.37705e-13
5945 7.42075e-13
5946 7.52476e-13
5947 7.54734e-13
5948 7.565e-13
5949 7.4941e-13
5950 7.48309e-13
5951 7.404e-13
5952 7.40478e-13
5953 7.46372e-13
5954 7.44515e-13
5955 7.36195e-13
5956 7.33717e-13
5957 7.31852e-13
5958 7.33693e-13
5959 7.35396e-13
5960 7.31495e-13
5961 7.27053e-13
5962 7.25827e-13
5963 7.29667e-13
5964 7.27751e-13
5965 7.25742e-13
5966 7.32839e-13
5967 7.33844e-13
5968 7.36188e-13
5969 7.38874e-13
5970 7.4025e-13
5971 7.3594e-13
5972 7.36869e-13
5973 7.31772e-13
5974 7.25317e-13
5975 7.1418e-13
5976 7.16717e-13
5977 7.26102e-13
5978 7.20104e-13
5979 7.13175e-13
5980 7.14596e-13
5981 7.15843e-13
5982 7.20845e-13
5983 7.21203e-13
5984 7.27819e-13
5985 7.30221e-13
5986 7.27258e-13
5987 7.26024e-13
5988 7.18987e-13
5989 7.08936e-13
5990 7.0668e-13
5991 7.07284e-13
5992 7.0583e-13
5993 7.05374e-13
5994 7.05075e-13
5995 7.13011e-13
5996 7.14577e-13
5997 7.20731e-13
5998 7.22276e-13
5999 7.28846e-13
6000 7.30237e-13
6001 7.33004e-13
6002 7.18194e-13
6003 7.05983e-13
6004 7.02047e-13
6005 7.00516e-13
6006 6.79778e-13
6007 6.76945e-13
6008 6.73121e-13
6009 6.76652e-13
6010 6.83996e-13
6011 6.89367e-13
6012 6.9631e-13
6013 6.93382e-13
6014 6.92104e-13
6015 6.88982e-13
6016 6.85062e-13
6017 6.81789e-13
6018 6.80584e-13
6019 6.79625e-13
6020 6.79069e-13
6021 6.68852e-13
6022 6.70366e-13
6023 6.68613e-13
6024 6.68826e-13
6025 6.67401e-13
6026 6.6467e-13
6027 6.6103e-13
6028 6.60575e-13
6029 6.63343e-13
6030 6.62997e-13
6031 6.59369e-13
6032 6.48018e-13
6033 6.45409e-13
6034 6.43813e-13
6035 6.44998e-13
6036 6.45957e-13
6037 6.45904e-13
6038 6.45892e-13
6039 6.40129e-13
6040 6.34887e-13
6041 6.245e-13
6042 6.21672e-13
6043 6.22774e-13
6044 6.17917e-13
6045 6.14461e-13
6046 6.12767e-13
6047 6.10523e-13
6048 6.03758e-13
6049 5.99536e-13
6050 5.92658e-13
6051 5.9411e-13
6052 5.90634e-13
6053 5.87726e-13
6054 5.81287e-13
6055 5.78465e-13
6056 5.77883e-13
6057 5.68256e-13
6058 5.61103e-13
6059 5.51159e-13
6060 5.52104e-13
6061 5.50268e-13
6062 5.47802e-13
6063 5.39055e-13
6064 5.28037e-13
6065 5.18875e-13
6066 5.16713e-13
6067 5.13932e-13
6068 5.03178e-13
6069 4.96325e-13
6070 4.91899e-13
6071 4.93123e-13
6072 4.96195e-13
6073 4.90874e-13
6074 4.8312e-13
6075 4.77447e-13
6076 4.73878e-13
6077 4.64316e-13
6078 4.65488e-13
6079 4.59113e-13
6080 4.48491e-13
6081 4.30619e-13
6082 4.29061e-13
6083 4.23237e-13
6084 4.18163e-13
6085 4.14473e-13
6086 4.11871e-13
6087 4.09719e-13
6088 4.07307e-13
6089 4.0708e-13
6090 4.02367e-13
6091 3.99897e-13
6092 3.96416e-13
6093 3.90783e-13
6094 3.89768e-13
6095 3.81993e-13
6096 3.73807e-13
6097 3.69364e-13
6098 3.66161e-13
6099 3.56425e-13
6100 3.52645e-13
6101 3.4782e-13
6102 3.45652e-13
6103 3.40923e-13
6104 3.36285e-13
6105 3.34555e-13
6106 3.30795e-13
6107 3.28661e-13
6108 3.2436e-13
6109 3.1947e-13
6110 3.12169e-13
6111 3.09802e-13
6112 3.02678e-13
6113 3.03361e-13
6114 3.03445e-13
6115 2.9914e-13
6116 2.97471e-13
6117 2.95235e-13
6118 2.93047e-13
6119 2.87291e-13
6120 2.85822e-13
6121 2.82917e-13
6122 2.82482e-13
6123 2.81295e-13
6124 2.8042e-13
6125 2.79154e-13
6126 2.73242e-13
6127 2.70589e-13
6128 2.60741e-13
6129 2.56877e-13
6130 2.54994e-13
6131 2.56099e-13
6132 2.59986e-13
6133 2.5959e-13
6134 2.60349e-13
6135 2.61983e-13
6136 2.57573e-13
6137 2.44837e-13
6138 2.41743e-13
6139 2.44426e-13
6140 2.4508e-13
6141 2.39993e-13
6142 2.33812e-13
6143 2.3617e-13
6144 2.37952e-13
6145 2.36903e-13
6146 2.35633e-13
6147 2.34508e-13
6148 2.35609e-13
6149 2.33146e-13
6150 2.28519e-13
6151 2.30993e-13
6152 2.31221e-13
6153 2.31442e-13
6154 2.29195e-13
6155 2.2685e-13
6156 2.27231e-13
6157 2.26543e-13
6158 2.2791e-13
6159 2.28202e-13
6160 2.28834e-13
6161 2.31219e-13
6162 2.34432e-13
6163 2.3512e-13
6164 2.36503e-13
6165 2.38202e-13
6166 2.37874e-13
6167 2.37515e-13
6168 2.37582e-13
6169 2.38432e-13
6170 2.37402e-13
6171 2.40915e-13
6172 2.42854e-13
6173 2.42034e-13
6174 2.41856e-13
6175 2.47323e-13
6176 2.47994e-13
6177 2.45091e-13
6178 2.45564e-13
6179 2.51181e-13
6180 2.57852e-13
6181 2.61253e-13
6182 2.62407e-13
6183 2.65787e-13
6184 2.68323e-13
6185 2.70231e-13
6186 2.71475e-13
6187 2.74389e-13
6188 2.79491e-13
6189 2.78763e-13
6190 2.81582e-13
6191 2.84591e-13
6192 2.88351e-13
6193 2.85283e-13
6194 2.85403e-13
6195 2.87372e-13
6196 2.90583e-13
6197 2.92995e-13
6198 3.01249e-13
6199 3.04915e-13
6200 3.07577e-13
6201 3.12079e-13
6202 3.15525e-13
6203 3.20865e-13
6204 3.23378e-13
6205 3.24317e-13
6206 3.27065e-13
6207 3.31679e-13
6208 3.29991e-13
6209 3.35853e-13
6210 3.41205e-13
6211 3.44626e-13
6212 3.43419e-13
6213 3.49638e-13
6214 3.58092e-13
6215 3.64153e-13
6216 3.62995e-13
6217 3.66655e-13
6218 3.6923e-13
6219 3.68103e-13
6220 3.69072e-13
6221 3.71174e-13
6222 3.70845e-13
6223 3.77095e-13
6224 3.83068e-13
6225 3.88484e-13
6226 3.95296e-13
6227 4.05085e-13
6228 4.07097e-13
6229 4.07725e-13
6230 4.13075e-13
6231 4.15679e-13
6232 4.18858e-13
6233 4.22771e-13
6234 4.26025e-13
6235 4.27899e-13
6236 4.31792e-13
6237 4.38182e-13
6238 4.38049e-13
6239 4.34307e-13
6240 4.34393e-13
6241 4.35838e-13
6242 4.41117e-13
6243 4.48563e-13
6244 4.60344e-13
6245 4.65062e-13
6246 4.64416e-13
6247 4.73154e-13
6248 4.68978e-13
6249 4.69327e-13
6250 4.74144e-13
6251 4.75364e-13
6252 4.79296e-13
6253 4.86693e-13
6254 4.92099e-13
6255 4.99765e-13
6256 5.02218e-13
6257 5.054e-13
6258 5.08994e-13
6259 5.13368e-13
6260 5.15616e-13
6261 5.196e-13
6262 5.21754e-13
6263 5.24016e-13
6264 5.33364e-13
6265 5.41109e-13
6266 5.54163e-13
6267 5.53699e-13
6268 5.51709e-13
6269 5.54036e-13
6270 5.55499e-13
6271 5.58483e-13
6272 5.63403e-13
6273 5.68646e-13
6274 5.68913e-13
6275 5.67468e-13
6276 5.73326e-13
6277 5.71611e-13
6278 5.77473e-13
6279 5.81394e-13
6280 5.76133e-13
6281 5.74107e-13
6282 5.74752e-13
6283 5.78011e-13
6284 5.75673e-13
6285 5.80752e-13
6286 5.77543e-13
6287 5.73276e-13
6288 5.78593e-13
6289 5.82496e-13
6290 5.7919e-13
6291 5.84966e-13
6292 5.85292e-13
6293 5.90732e-13
6294 5.90304e-13
6295 5.89104e-13
6296 5.8624e-13
6297 5.89373e-13
6298 5.88996e-13
6299 5.94021e-13
6300 5.93004e-13
6301 5.88887e-13
6302 5.88943e-13
6303 5.84602e-13
6304 5.89399e-13
6305 6.02652e-13
6306 6.04213e-13
6307 6.11283e-13
6308 6.22375e-13
6309 6.31387e-13
6310 6.36978e-13
6311 6.41552e-13
6312 6.55128e-13
6313 6.56139e-13
6314 6.67486e-13
6315 6.67942e-13
6316 6.7244e-13
6317 6.67078e-13
6318 6.60967e-13
6319 6.58251e-13
6320 6.57543e-13
6321 6.60727e-13
6322 6.68113e-13
6323 6.67244e-13
6324 6.73494e-13
6325 6.74294e-13
6326 6.80725e-13
6327 6.83645e-13
6328 6.93731e-13
6329 6.98071e-13
6330 6.88145e-13
6331 6.85198e-13
6332 6.90641e-13
6333 6.97973e-13
6334 7.04261e-13
6335 7.16347e-13
6336 7.21339e-13
6337 7.26663e-13
6338 7.26135e-13
6339 7.2417e-13
6340 7.20661e-13
6341 7.12054e-13
6342 7.14145e-13
6343 7.15937e-13
6344 7.16714e-13
6345 7.15261e-13
6346 7.22888e-13
6347 7.21554e-13
6348 7.25737e-13
6349 7.34804e-13
6350 7.31554e-13
6351 7.23424e-13
6352 7.2151e-13
6353 7.20954e-13
6354 7.27596e-13
6355 7.27116e-13
6356 7.28923e-13
6357 7.26658e-13
6358 7.20164e-13
6359 7.1944e-13
6360 7.19033e-13
6361 7.20877e-13
6362 7.16475e-13
6363 7.21497e-13
6364 7.23846e-13
6365 7.31965e-13
6366 7.34331e-13
6367 7.27434e-13
6368 7.2792e-13
6369 7.25232e-13
6370 7.18066e-13
6371 7.11741e-13
6372 7.14305e-13
6373 7.13241e-13
6374 7.10537e-13
6375 7.07408e-13
6376 7.13323e-13
6377 7.21349e-13
6378 7.27534e-13
6379 7.35406e-13
6380 7.42216e-13
6381 7.37256e-13
6382 7.31306e-13
6383 7.26993e-13
6384 7.26223e-13
6385 7.22391e-13
6386 7.26514e-13
6387 7.28013e-13
6388 7.32549e-13
6389 7.30008e-13
6390 7.18846e-13
6391 7.24568e-13
6392 7.32249e-13
6393 7.21981e-13
6394 7.13688e-13
6395 7.07572e-13
6396 7.06501e-13
6397 7.08172e-13
6398 7.044e-13
6399 7.02114e-13
6400 7.14007e-13
6401 7.2135e-13
6402 7.14298e-13
6403 7.11604e-13
6404 7.12395e-13
6405 7.14359e-13
6406 7.22392e-13
6407 7.19387e-13
6408 7.16167e-13
6409 7.13321e-13
6410 7.15935e-13
6411 7.18519e-13
6412 7.20289e-13
6413 7.19165e-13
6414 7.14027e-13
6415 7.13697e-13
6416 7.17977e-13
6417 7.15684e-13
6418 7.07884e-13
6419 7.10687e-13
6420 7.12309e-13
6421 7.07583e-13
6422 7.04602e-13
6423 6.94186e-13
6424 6.9433e-13
6425 6.94318e-13
6426 6.94277e-13
6427 6.97709e-13
6428 6.9923e-13
6429 6.99112e-13
6430 6.92858e-13
6431 6.90141e-13
6432 6.82249e-13
6433 6.80556e-13
6434 6.81291e-13
6435 6.79347e-13
6436 6.78033e-13
6437 6.80621e-13
6438 6.81695e-13
6439 6.84684e-13
6440 6.84006e-13
6441 6.85862e-13
6442 6.82776e-13
6443 6.81578e-13
6444 6.77157e-13
6445 6.75658e-13
6446 6.86198e-13
6447 6.89441e-13
6448 6.89774e-13
6449 6.87561e-13
6450 6.84244e-13
6451 6.81338e-13
6452 6.78056e-13
6453 6.7676e-13
6454 6.7449e-13
6455 6.71174e-13
6456 6.62347e-13
6457 6.54931e-13
6458 6.59387e-13
6459 6.60666e-13
6460 6.4636e-13
6461 6.48418e-13
6462 6.52314e-13
6463 6.48251e-13
6464 6.4645e-13
6465 6.45543e-13
6466 6.45223e-13
6467 6.53434e-13
6468 6.46862e-13
6469 6.34489e-13
6470 6.31885e-13
6471 6.29982e-13
6472 6.26224e-13
6473 6.24662e-13
6474 6.18273e-13
6475 6.18615e-13
6476 6.20696e-13
6477 6.22426e-13
6478 6.23446e-13
6479 6.16834e-13
6480 6.16226e-13
6481 6.15551e-13
6482 6.14367e-13
6483 6.11112e-13
6484 6.07407e-13
6485 6.05852e-13
6486 6.07508e-13
6487 6.08951e-13
6488 6.08832e-13
6489 6.05523e-13
6490 6.02147e-13
6491 6.04643e-13
6492 6.06254e-13
6493 6.05483e-13
6494 6.03315e-13
6495 5.9759e-13
6496 6.00802e-13
6497 6.03175e-13
6498 6.0317e-13
6499 6.0382e-13
6500 6.02987e-13
6501 5.98572e-13
6502 5.90289e-13
6503 5.83023e-13
6504 5.78156e-13
6505 5.86219e-13
6506 5.87293e-13
6507 5.82809e-13
6508 5.80229e-13
6509 5.76083e-13
6510 5.74271e-13
6511 5.72769e-13
6512 5.72116e-13
6513 5.72598e-13
6514 5.68855e-13
6515 5.68321e-13
6516 5.67434e-13
6517 5.6423e-13
6518 5.6225e-13
6519 5.58789e-13
6520 5.56904e-13
6521 5.45148e-13
6522 5.48685e-13
6523 5.52699e-13
6524 5.47037e-13
6525 5.46146e-13
6526 5.44828e-13
6527 5.44385e-13
6528 5.43388e-13
6529 5.43282e-13
6530 5.42636e-13
6531 5.4329e-13
6532 5.43933e-13
6533 5.42456e-13
6534 5.42577e-13
6535 5.43266e-13
6536 5.44333e-13
6537 5.45049e-13
6538 5.39991e-13
6539 5.40389e-13
6540 5.45786e-13
6541 5.43168e-13
6542 5.39237e-13
6543 5.26968e-13
6544 5.22421e-13
6545 5.22688e-13
6546 5.24517e-13
6547 5.29058e-13
6548 5.31615e-13
6549 5.33922e-13
6550 5.26495e-13
6551 5.25377e-13
6552 5.3045e-13
6553 5.31296e-13
6554 5.32613e-13
6555 5.25927e-13
6556 5.2222e-13
6557 5.3044e-13
6558 5.30683e-13
6559 5.27986e-13
6560 5.27603e-13
6561 5.27152e-13
6562 5.31851e-13
6563 5.33639e-13
6564 5.36774e-13
6565 5.37011e-13
6566 5.3728e-13
6567 5.36614e-13
6568 5.36218e-13
6569 5.35526e-13
6570 5.34666e-13
6571 5.29386e-13
6572 5.30651e-13
6573 5.32453e-13
6574 5.27719e-13
6575 5.25446e-13
6576 5.18766e-13
6577 5.16369e-13
6578 5.09182e-13
6579 5.12446e-13
6580 5.1533e-13
6581 5.21305e-13
6582 5.23118e-13
6583 5.26568e-13
6584 5.22103e-13
6585 5.15092e-13
6586 5.2158e-13
6587 5.24815e-13
6588 5.2052e-13
6589 5.20593e-13
6590 5.2117e-13
6591 5.17975e-13
6592 5.15035e-13
6593 5.06595e-13
6594 5.05383e-13
6595 5.22571e-13
6596 5.17769e-13
6597 5.08711e-13
6598 5.07732e-13
6599 5.07327e-13
6600 5.02057e-13
6601 4.9924e-13
6602 4.90804e-13
6603 4.89883e-13
6604 4.88658e-13
6605 4.85478e-13
6606 4.85674e-13
6607 4.93364e-13
6608 4.92502e-13
6609 4.89672e-13
6610 4.91218e-13
6611 4.92407e-13
6612 4.99715e-13
6613 4.99042e-13
6614 4.96564e-13
6615 4.93846e-13
6616 4.9053e-13
6617 4.87343e-13
6618 4.86039e-13
6619 4.81009e-13
6620 4.78412e-13
6621 4.74623e-13
6622 4.76716e-13
6623 4.78095e-13
6624 4.76095e-13
6625 4.76299e-13
6626 4.79013e-13
6627 4.73881e-13
6628 4.68618e-13
6629 4.738e-13
6630 4.7393e-13
6631 4.69936e-13
6632 4.6955e-13
6633 4.68931e-13
6634 4.67033e-13
6635 4.66345e-13
6636 4.69026e-13
6637 4.7021e-13
6638 4.72833e-13
6639 4.69526e-13
6640 4.66775e-13
6641 4.726e-13
6642 4.72291e-13
6643 4.62798e-13
6644 4.6401e-13
6645 4.63889e-13
6646 4.71865e-13
6647 4.74861e-13
6648 4.70368e-13
6649 4.69348e-13
6650 4.66464e-13
6651 4.60494e-13
6652 4.57365e-13
6653 4.55531e-13
6654 4.55894e-13
6655 4.57191e-13
6656 4.52363e-13
6657 4.48421e-13
6658 4.49286e-13
6659 4.48637e-13
6660 4.41403e-13
6661 4.36313e-13
6662 4.2865e-13
6663 4.35641e-13
6664 4.3875e-13
6665 4.40112e-13
6666 4.41195e-13
6667 4.41664e-13
6668 4.3641e-13
6669 4.33781e-13
6670 4.39696e-13
6671 4.38352e-13
6672 4.37895e-13
6673 4.36586e-13
6674 4.35089e-13
6675 4.3767e-13
6676 4.40796e-13
6677 4.53041e-13
6678 4.45825e-13
6679 4.34444e-13
6680 4.36621e-13
6681 4.38104e-13
6682 4.44252e-13
6683 4.42171e-13
6684 4.38692e-13
6685 4.42172e-13
6686 4.44886e-13
6687 4.30101e-13
6688 4.31938e-13
6689 4.39487e-13
6690 4.33207e-13
6691 4.28499e-13
6692 4.33661e-13
6693 4.33146e-13
6694 4.18929e-13
6695 4.14019e-13
6696 4.10332e-13
6697 4.14428e-13
6698 4.16591e-13
6699 4.16427e-13
6700 4.17391e-13
6701 4.18195e-13
6702 4.2375e-13
6703 4.26589e-13
6704 4.25924e-13
6705 4.23185e-13
6706 4.17552e-13
6707 4.19281e-13
6708 4.21012e-13
6709 4.21659e-13
6710 4.23212e-13
6711 4.23546e-13
6712 4.19819e-13
6713 4.16821e-13
6714 4.14232e-13
6715 4.13888e-13
6716 4.18107e-13
6717 4.17311e-13
6718 4.16665e-13
6719 4.20373e-13
6720 4.21169e-13
6721 4.21039e-13
6722 4.22671e-13
6723 4.26116e-13
6724 4.22989e-13
6725 4.20274e-13
6726 4.13194e-13
6727 4.13219e-13
6728 4.14483e-13
6729 4.16889e-13
6730 4.18026e-13
6731 4.14208e-13
6732 4.15198e-13
6733 4.18162e-13
6734 4.15385e-13
6735 4.1342e-13
6736 4.10843e-13
6737 4.10214e-13
6738 4.07604e-13
6739 4.11706e-13
6740 4.15344e-13
6741 4.07547e-13
6742 4.06362e-13
6743 4.06539e-13
6744 4.07303e-13
6745 4.08334e-13
6746 4.06089e-13
6747 4.05454e-13
6748 4.04758e-13
6749 4.05986e-13
6750 4.06669e-13
6751 4.02566e-13
6752 4.01556e-13
6753 3.97276e-13
6754 3.97143e-13
6755 3.97814e-13
6756 3.97366e-13
6757 3.97693e-13
6758 4.0391e-13
6759 4.04229e-13
6760 4.0408e-13
6761 4.05135e-13
6762 4.06181e-13
6763 3.87344e-13
6764 3.86096e-13
6765 3.83945e-13
6766 3.86392e-13
6767 3.88201e-13
6768 3.85583e-13
6769 3.87181e-13
6770 3.91831e-13
6771 3.86872e-13
6772 3.83077e-13
6773 3.89939e-13
6774 3.8882e-13
6775 3.83465e-13
6776 3.80711e-13
6777 3.78278e-13
6778 3.71472e-13
6779 3.70351e-13
6780 3.6665e-13
6781 3.65261e-13
6782 3.64088e-13
6783 3.63861e-13
6784 3.63334e-13
6785 3.58982e-13
6786 3.61621e-13
6787 3.64275e-13
6788 3.64275e-13
6789 3.63974e-13
6790 3.60687e-13
6791 3.55925e-13
6792 3.50153e-13
6793 3.4895e-13
6794 3.49422e-13
6795 3.53796e-13
6796 3.50673e-13
6797 3.46703e-13
6798 3.50388e-13
6799 3.51697e-13
6800 3.51634e-13
6801 3.49402e-13
6802 3.46119e-13
6803 3.45901e-13
6804 3.4519e-13
6805 3.34357e-13
6806 3.36596e-13
6807 3.39906e-13
6808 3.33011e-13
6809 3.30213e-13
6810 3.24858e-13
6811 3.23423e-13
6812 3.20711e-13
6813 3.19299e-13
6814 3.19318e-13
6815 3.25148e-13
6816 3.26509e-13
6817 3.29311e-13
6818 3.22372e-13
6819 3.1944e-13
6820 3.15708e-13
6821 3.16775e-13
6822 3.18289e-13
6823 3.2427e-13
6824 3.2638e-13
6825 3.18962e-13
6826 3.22692e-13
6827 3.27035e-13
6828 3.19218e-13
6829 3.16845e-13
6830 3.1495e-13
6831 3.14465e-13
6832 3.1371e-13
6833 3.15171e-13
6834 3.15877e-13
6835 3.13228e-13
6836 3.1638e-13
6837 3.20967e-13
6838 3.22971e-13
6839 3.23245e-13
6840 3.23839e-13
6841 3.21003e-13
6842 3.15874e-13
6843 3.18354e-13
6844 3.18159e-13
6845 3.21192e-13
6846 3.19879e-13
6847 3.17754e-13
6848 3.17312e-13
6849 3.17968e-13
6850 3.14883e-13
6851 3.13308e-13
6852 3.11766e-13
6853 3.15918e-13
6854 3.16251e-13
6855 3.17194e-13
6856 3.13804e-13
6857 3.08769e-13
6858 3.10137e-13
6859 3.1098e-13
6860 3.10807e-13
6861 3.11357e-13
6862 3.12641e-13
6863 3.06365e-13
6864 3.06252e-13
6865 3.18289e-13
6866 3.17622e-13
6867 3.14419e-13
6868 3.1784e-13
6869 3.18977e-13
6870 3.03223e-13
6871 2.94788e-13
6872 2.87975e-13
6873 2.77331e-13
6874 2.70439e-13
6875 2.4883e-13
6876 2.49626e-13
6877 2.51322e-13
6878 2.48285e-13
6879 2.4697e-13
6880 2.53629e-13
6881 2.56216e-13
6882 2.57398e-13
6883 2.62599e-13
6884 2.62319e-13
6885 2.67366e-13
6886 2.69782e-13
6887 2.69082e-13
6888 2.72978e-13
6889 2.77712e-13
6890 2.79818e-13
6891 2.81252e-13
6892 2.82174e-13
6893 2.77986e-13
6894 2.74693e-13
6895 2.7415e-13
6896 2.71586e-13
6897 2.71672e-13
6898 2.69007e-13
6899 2.68576e-13
6900 2.73554e-13
6901 2.74825e-13
6902 2.80303e-13
6903 2.81215e-13
6904 2.81328e-13
6905 2.8662e-13
6906 2.87419e-13
6907 2.84775e-13
6908 2.80338e-13
6909 2.83616e-13
6910 2.85984e-13
6911 2.86474e-13
6912 2.8804e-13
6913 2.92545e-13
6914 2.96423e-13
6915 3.00164e-13
6916 2.94173e-13
6917 2.91912e-13
6918 3.01506e-13
6919 3.00908e-13
6920 3.00012e-13
6921 2.96894e-13
6922 2.98298e-13
6923 3.05965e-13
6924 3.08168e-13
6925 3.06283e-13
6926 2.98554e-13
6927 3.01644e-13
6928 3.08127e-13
6929 3.01441e-13
6930 3.03561e-13
6931 3.06664e-13
6932 3.02823e-13
6933 2.96686e-13
6934 2.92794e-13
6935 2.94355e-13
6936 2.91604e-13
6937 2.94908e-13
6938 3.00355e-13
6939 3.08249e-13
6940 3.08532e-13
6941 3.04183e-13
6942 3.07394e-13
6943 3.06684e-13
6944 3.07149e-13
6945 3.11644e-13
6946 3.07099e-13
6947 3.10431e-13
6948 3.14222e-13
6949 3.13435e-13
6950 3.17914e-13
6951 3.23505e-13
6952 3.2389e-13
6953 3.18933e-13
6954 3.19447e-13
6955 3.18261e-13
6956 3.10664e-13
6957 3.11983e-13
6958 3.0753e-13
6959 3.04751e-13
6960 3.0667e-13
6961 3.17145e-13
6962 3.13798e-13
6963 3.15965e-13
6964 3.22035e-13
6965 3.16918e-13
6966 3.15994e-13
6967 3.12657e-13
6968 3.16404e-13
6969 3.30957e-13
6970 3.27225e-13
6971 3.20671e-13
6972 3.24205e-13
6973 3.2598e-13
6974 3.24155e-13
6975 3.24671e-13
6976 3.28769e-13
6977 3.26419e-13
6978 3.24109e-13
6979 3.3011e-13
6980 3.31993e-13
6981 3.29286e-13
6982 3.2667e-13
6983 3.20766e-13
6984 3.22074e-13
6985 3.25015e-13
6986 3.20574e-13
6987 3.19082e-13
6988 3.18e-13
6989 3.19614e-13
6990 3.17844e-13
6991 3.1303e-13
6992 3.16373e-13
6993 3.17005e-13
6994 3.18038e-13
6995 3.16739e-13
6996 3.1619e-13
6997 3.17023e-13
6998 3.16081e-13
6999 3.23348e-13
7000 3.27077e-13
7001 3.23547e-13
7002 3.26095e-13
7003 3.273e-13
7004 3.29317e-13
7005 3.25187e-13
7006 3.18073e-13
7007 3.22969e-13
7008 3.24523e-13
7009 3.21594e-13
7010 3.26709e-13
7011 3.29986e-13
7012 3.26934e-13
7013 3.28128e-13
7014 3.19159e-13
7015 3.19338e-13
7016 3.1765e-13
7017 3.22399e-13
7018 3.22333e-13
7019 3.21541e-13
7020 3.25149e-13
7021 3.26342e-13
7022 3.24985e-13
7023 3.27767e-13
7024 3.31553e-13
7025 3.29469e-13
7026 3.27519e-13
7027 3.22462e-13
7028 3.22647e-13
7029 3.22579e-13
7030 3.27977e-13
7031 3.2933e-13
7032 3.29154e-13
7033 3.31052e-13
7034 3.32715e-13
7035 3.2275e-13
7036 3.24127e-13
7037 3.28797e-13
7038 3.24416e-13
7039 3.22632e-13
7040 3.33542e-13
7041 3.32417e-13
7042 3.30341e-13
7043 3.2528e-13
7044 3.25028e-13
7045 3.30452e-13
7046 3.26614e-13
7047 3.22466e-13
7048 3.31899e-13
7049 3.33178e-13
7050 3.29744e-13
7051 3.30321e-13
7052 3.31545e-13
7053 3.35437e-13
7054 3.33044e-13
7055 3.29047e-13
7056 3.29038e-13
7057 3.29315e-13
7058 3.24896e-13
7059 3.24719e-13
7060 3.25271e-13
7061 3.31118e-13
7062 3.31032e-13
7063 3.29644e-13
7064 3.40344e-13
7065 3.46146e-13
7066 3.3317e-13
7067 3.32548e-13
7068 3.39285e-13
7069 3.44453e-13
7070 3.43307e-13
7071 3.43597e-13
7072 3.44012e-13
7073 3.43298e-13
7074 3.35968e-13
7075 3.36882e-13
7076 3.47863e-13
7077 3.47543e-13
7078 3.42019e-13
7079 3.40097e-13
7080 3.41151e-13
7081 3.41824e-13
7082 3.46441e-13
7083 3.48333e-13
7084 3.41441e-13
7085 3.38606e-13
7086 3.35406e-13
7087 3.27078e-13
7088 3.28655e-13
7089 3.32694e-13
7090 3.31657e-13
7091 3.23266e-13
7092 3.2127e-13
7093 3.26252e-13
7094 3.2916e-13
