3354.00 0.170172
3356.00 0.211033
3358.00 0.169826
3360.00 0.189235
3362.00 0.192178
3364.00 0.156939
3366.00 0.130507
3368.00 0.104082
3370.00 0.176499
3372.00 0.248640
3374.00 0.259192
3376.00 0.244149
3378.00 0.154153
3380.00 0.153807
3382.00 0.167039
3384.00 0.167182
3386.00 0.144378
3388.00 0.256174
3390.00 0.221754
3392.00 0.192457
3394.00 0.228315
3396.00 0.250790
3398.00 0.213903
3400.00 0.246717
3402.00 0.220292
3404.00 0.224417
3406.00 0.228543
3408.00 0.232668
3410.00 0.236793
3412.00 0.236793
3414.00 0.261098
3416.00 0.209538
3418.00 0.185586
3420.00 0.170249
3422.00 0.222374
3424.00 0.210210
3426.00 0.200130
3428.00 0.237792
3430.00 0.266798
3432.00 0.256709
3434.00 0.254559
3436.00 0.258943
3438.00 0.258970
3440.00 0.251733
3442.00 0.254779
3444.00 0.245670
3446.00 0.317104
3448.00 0.294689
3450.00 0.267669
3452.00 0.283464
3454.00 0.311927
3456.00 0.308603
3458.00 0.278036
3460.00 0.280475
3462.00 0.299834
3464.00 0.279692
3466.00 0.283908
3468.00 0.329082
3470.00 0.241163
3472.00 0.288410
3474.00 0.276312
3476.00 0.307389
3478.00 0.341954
3480.00 0.316015
3482.00 0.287743
3484.00 0.336700
3486.00 0.301476
3488.00 0.351883
3490.00 0.284682
3492.00 0.287263
3494.00 0.281016
3496.00 0.271208
3498.00 0.281374
3500.00 0.264940
3502.00 0.251967
3504.00 0.334771
3506.00 0.312609
3508.00 0.312663
3510.00 0.319105
3512.00 0.374288
3514.00 0.309014
3516.00 0.328981
3518.00 0.348867
3520.00 0.343546
3522.00 0.303253
3524.00 0.285294
3526.00 0.321272
3528.00 0.359324
3530.00 0.335332
3532.00 0.297239
3534.00 0.324620
3536.00 0.313888
3538.00 0.276090
3540.00 0.237806
3542.00 0.279212
3544.00 0.293440
3546.00 0.304834
3548.00 0.304764
3550.00 0.331198
3552.00 0.279865
3554.00 0.371383
3556.00 0.335574
3558.00 0.326786
3560.00 0.359778
3562.00 0.378344
3564.00 0.348839
3566.00 0.347979
3568.00 0.363512
3570.00 0.352939
3572.00 0.335949
3574.00 0.379477
3576.00 0.387710
3578.00 0.329679
3580.00 0.363368
3582.00 0.393104
3584.00 0.388282
3586.00 0.345647
3588.00 0.389807
3590.00 0.395245
3592.00 0.383748
3594.00 0.348437
3596.00 0.378201
3598.00 0.428504
3600.00 0.410319
3602.00 0.399220
3604.00 0.389405
3606.00 0.433473
3608.00 0.418990
3610.00 0.416970
3612.00 0.458936
3614.00 0.426483
3616.00 0.410294
3618.00 0.464948
3620.00 0.450291
3622.00 0.458115
3624.00 0.467089
3626.00 0.442265
3628.00 0.495534
3630.00 0.487724
3632.00 0.497316
3634.00 0.438044
3636.00 0.437059
3638.00 0.484573
3640.00 0.475307
3642.00 0.529438
3644.00 0.511885
3646.00 0.444203
3648.00 0.504723
3650.00 0.491743
3652.00 0.518061
3654.00 0.510165
3656.00 0.475646
3658.00 0.476186
3660.00 0.522981
3662.00 0.495332
3664.00 0.478896
3666.00 0.432377
3668.00 0.458019
3670.00 0.468244
3672.00 0.502424
3674.00 0.451208
3676.00 0.441855
3678.00 0.444058
3680.00 0.445795
3682.00 0.466212
3684.00 0.469972
3686.00 0.479744
3688.00 0.488126
3690.00 0.435787
3692.00 0.443998
3694.00 0.472073
3696.00 0.453319
3698.00 0.458016
3700.00 0.443086
3702.00 0.464614
3704.00 0.474306
3706.00 0.490764
3708.00 0.481147
3710.00 0.490601
3712.00 0.434198
3714.00 0.477567
3716.00 0.477754
3718.00 0.465745
3720.00 0.451349
3722.00 0.490713
3724.00 0.532699
3726.00 0.499964
3728.00 0.481875
3730.00 0.471559
3732.00 0.515835
3734.00 0.532131
3736.00 0.513432
3738.00 0.518943
3740.00 0.534445
3742.00 0.557599
3744.00 0.557033
3746.00 0.553564
3748.00 0.561044
3750.00 0.568448
3752.00 0.505687
3754.00 0.525093
3756.00 0.563233
3758.00 0.574918
3760.00 0.530380
3762.00 0.539065
3764.00 0.544342
3766.00 0.556100
3768.00 0.499331
3770.00 0.500919
3772.00 0.533316
3774.00 0.544093
3776.00 0.531997
3778.00 0.490118
3780.00 0.472400
3782.00 0.458248
3784.00 0.451711
3786.00 0.454762
3788.00 0.477424
3790.00 0.441955
3792.00 0.487449
3794.00 0.431178
3796.00 0.444586
3798.00 0.425043
3800.00 0.425399
3802.00 0.437535
3804.00 0.442720
3806.00 0.490983
3808.00 0.425835
3810.00 0.431483
3812.00 0.452462
3814.00 0.421711
3816.00 0.408028
3818.00 0.428990
3820.00 0.405176
3822.00 0.399251
3824.00 0.395096
3826.00 0.381376
3828.00 0.403237
3830.00 0.363563
3832.00 0.380485
3834.00 0.380912
3836.00 0.392270
3838.00 0.392647
3840.00 0.419080
3842.00 0.395194
3844.00 0.354462
3846.00 0.340872
3848.00 0.350001
3850.00 0.401227
3852.00 0.373901
3854.00 0.362236
3856.00 0.373982
3858.00 0.367837
3860.00 0.368230
3862.00 0.358650
3864.00 0.376683
3866.00 0.393098
3868.00 0.397961
3870.00 0.350824
3872.00 0.342734
3874.00 0.349765
3876.00 0.352788
3878.00 0.361400
3880.00 0.345965
3882.00 0.345895
3884.00 0.376700
3886.00 0.364431
3888.00 0.350842
3890.00 0.375491
3892.00 0.360053
3894.00 0.390315
3896.00 0.364912
3898.00 0.352044
3900.00 0.340994
3902.00 0.379423
3904.00 0.384480
3906.00 0.393374
3908.00 0.405180
3910.00 0.383562
3912.00 0.476132
3914.00 0.546637
3916.00 0.485724
3918.00 0.438677
3920.00 0.460428
3922.00 0.460650
3924.00 0.458392
3926.00 0.472019
3928.00 0.467601
3930.00 0.496157
3932.00 0.468331
3934.00 0.460577
3936.00 0.470670
3938.00 0.498518
3940.00 0.567521
3942.00 0.557929
3944.00 0.531739
3946.00 0.549352
3948.00 0.582013
3950.00 0.574646
3952.00 0.595626
3954.00 0.641047
3956.00 0.638509
3958.00 0.657213
3960.00 0.665434
3962.00 0.676150
3964.00 0.685755
3966.00 0.693925
3968.00 0.688054
3970.00 0.689205
3972.00 0.727049
3974.00 0.753423
3976.00 0.764946
3978.00 0.825144
3980.00 0.826666
3982.00 0.818886
3984.00 0.808312
3986.00 0.810061
3988.00 0.834886
3990.00 0.832028
3992.00 0.848650
3994.00 0.834617
3996.00 0.890048
3998.00 0.934881
4000.00 0.914936
4002.00 0.934086
4004.00 0.958300
4006.00 0.988817
4008.00 0.974105
4010.00 0.962880
4012.00 0.967804
4014.00 0.979045
4016.00 0.992261
4018.00 0.965809
4020.00 0.976078
4022.00 0.986230
4024.00 0.999634
4026.00 1.01667
4028.00 0.964885
4030.00 0.961539
4032.00 0.992858
4034.00 0.989834
4036.00 0.970289
4038.00 0.909003
4040.00 0.867570
4042.00 0.903908
4044.00 0.922291
4046.00 0.903396
4048.00 0.874426
4050.00 0.934079
4052.00 0.884109
4054.00 0.823759
4056.00 0.811296
4058.00 0.828736
4060.00 0.824374
4062.00 0.823703
4064.00 0.788372
4066.00 0.773271
4068.00 0.800027
4070.00 0.785696
4072.00 0.755381
4074.00 0.778933
4076.00 0.769021
4078.00 0.730830
4080.00 0.708507
4082.00 0.711266
4084.00 0.723801
4086.00 0.698727
4088.00 0.695771
4090.00 0.686342
4092.00 0.672989
4094.00 0.688841
4096.00 0.675145
4098.00 0.642071
4100.00 0.660636
4102.00 0.653022
4104.00 0.657477
4106.00 0.671005
4108.00 0.673182
4110.00 0.657552
4112.00 0.696913
4114.00 0.697934
4116.00 0.686099
4118.00 0.676652
4120.00 0.684464
4122.00 0.691011
4124.00 0.697623
4126.00 0.712018
4128.00 0.688092
4130.00 0.693019
4132.00 0.672740
4134.00 0.678538
4136.00 0.684106
4138.00 0.701343
4140.00 0.706853
4142.00 0.702303
4144.00 0.703537
4146.00 0.713681
4148.00 0.719568
4150.00 0.697696
4152.00 0.719562
4154.00 0.755368
4156.00 0.742984
4158.00 0.757298
4160.00 0.726494
4162.00 0.746246
4164.00 0.775749
4166.00 0.769195
4168.00 0.807382
4170.00 0.804309
4172.00 0.784679
4174.00 0.790482
4176.00 0.784597
4178.00 0.793957
4180.00 0.819367
4182.00 0.825415
4184.00 0.856229
4186.00 0.872329
4188.00 0.869327
4190.00 0.830124
4192.00 0.875092
4194.00 0.852640
4196.00 0.850835
4198.00 0.880171
4200.00 0.888028
4202.00 0.833731
4204.00 0.837371
4206.00 0.861862
4208.00 0.861221
4210.00 0.856883
4212.00 0.871753
4214.00 0.881686
4216.00 0.881522
4218.00 0.903587
4220.00 0.887426
4222.00 0.912238
4224.00 0.918261
4226.00 0.895841
4228.00 0.919856
4230.00 0.921202
4232.00 0.929313
4234.00 0.958038
4236.00 0.939128
4238.00 0.899392
4240.00 0.910891
4242.00 0.925263
4244.00 0.931732
4246.00 0.918798
4248.00 0.917302
4250.00 0.901453
4252.00 0.917271
4254.00 0.908096
4256.00 0.847309
4258.00 0.865266
4260.00 0.897882
4262.00 0.912884
4264.00 0.887713
4266.00 0.880227
4268.00 0.894446
4270.00 0.894268
4272.00 0.875145
4274.00 0.840079
4276.00 0.866578
4278.00 0.864092
4280.00 0.842377
4282.00 0.890234
4284.00 0.879575
4286.00 0.868846
4288.00 0.873815
4290.00 0.867568
4292.00 0.897724
4294.00 0.861343
4296.00 0.870933
4298.00 0.855348
4300.00 0.872821
4302.00 0.865894
4304.00 0.864836
4306.00 0.891021
4308.00 0.897700
4310.00 0.868398
4312.00 0.857115
4314.00 0.843525
4316.00 0.864075
4318.00 0.845677
4320.00 0.838729
4322.00 0.870142
4324.00 0.858232
4326.00 0.838305
4328.00 0.839849
4330.00 0.838978
4332.00 0.843791
4334.00 0.832325
4336.00 0.817791
4338.00 0.819743
4340.00 0.838644
4342.00 0.852725
4344.00 0.820962
4346.00 0.817272
4348.00 0.824209
4350.00 0.812972
4352.00 0.802285
4354.00 0.781454
4356.00 0.762924
4358.00 0.812031
4360.00 0.799221
4362.00 0.806766
4364.00 0.814835
4366.00 0.747197
4368.00 0.710717
4370.00 0.722909
4372.00 0.732095
4374.00 0.734112
4376.00 0.713648
4378.00 0.681536
4380.00 0.654887
4382.00 0.673526
4384.00 0.657947
4386.00 0.636432
4388.00 0.636993
4390.00 0.629788
4392.00 0.651584
4394.00 0.630806
4396.00 0.603998
4398.00 0.564261
4400.00 0.560146
4402.00 0.551900
4404.00 0.542620
4406.00 0.534296
4408.00 0.491206
4410.00 0.513401
4412.00 0.532156
4414.00 0.487710
4416.00 0.468705
4418.00 0.505684
4420.00 0.510460
4422.00 0.499691
4424.00 0.488452
4426.00 0.481864
4428.00 0.490789
4430.00 0.493396
4432.00 0.499116
4434.00 0.472776
4436.00 0.496157
4438.00 0.484687
4440.00 0.470018
4442.00 0.494879
4444.00 0.488113
4446.00 0.472559
4448.00 0.485781
4450.00 0.497172
4452.00 0.489692
4454.00 0.491488
4456.00 0.512700
4458.00 0.484854
4460.00 0.469884
4462.00 0.494624
4464.00 0.488631
4466.00 0.498389
4468.00 0.513412
4470.00 0.474366
4472.00 0.498982
4474.00 0.505778
4476.00 0.490328
4478.00 0.525011
4480.00 0.511276
4482.00 0.514719
4484.00 0.499797
4486.00 0.498562
4488.00 0.524143
4490.00 0.519190
4492.00 0.528353
4494.00 0.532654
4496.00 0.537180
4498.00 0.520776
4500.00 0.541382
4502.00 0.530680
4504.00 0.528322
4506.00 0.531158
4508.00 0.536834
4510.00 0.543080
4512.00 0.539276
4514.00 0.547130
4516.00 0.549290
4518.00 0.534415
4520.00 0.532617
4522.00 0.523918
4524.00 0.539407
4526.00 0.553195
4528.00 0.545214
4530.00 0.549259
4532.00 0.558907
4534.00 0.552743
4536.00 0.567477
4538.00 0.573483
4540.00 0.564849
4542.00 0.593678
4544.00 0.612842
4546.00 0.598268
4548.00 0.594258
4550.00 0.588523
4552.00 0.603889
4554.00 0.608755
4556.00 0.614253
4558.00 0.618616
4560.00 0.634619
4562.00 0.615982
4564.00 0.612828
4566.00 0.637802
4568.00 0.628785
4570.00 0.629288
4572.00 0.628311
4574.00 0.646683
4576.00 0.674602
4578.00 0.667534
4580.00 0.653926
4582.00 0.666140
4584.00 0.685146
4586.00 0.686457
4588.00 0.707976
4590.00 0.703661
4592.00 0.685623
4594.00 0.706298
4596.00 0.750722
4598.00 0.743031
4600.00 0.734555
4602.00 0.751179
4604.00 0.774485
4606.00 0.772132
4608.00 0.784429
4610.00 0.829490
4612.00 0.849736
4614.00 0.821118
4616.00 0.836476
4618.00 0.848793
4620.00 0.852451
4622.00 0.867561
4624.00 0.890685
4626.00 0.899837
4628.00 0.910144
4630.00 0.920346
4632.00 0.919853
4634.00 0.929071
4636.00 0.936132
4638.00 0.932164
4640.00 0.926422
4642.00 0.924025
4644.00 0.948363
4646.00 0.948427
4648.00 0.958028
4650.00 0.966326
4652.00 0.974929
4654.00 0.992432
4656.00 0.978234
4658.00 0.994725
4660.00 0.988486
4662.00 0.999774
4664.00 1.00951
4666.00 0.998716
4668.00 0.989903
4670.00 1.00307
4672.00 1.01466
4674.00 1.01124
4676.00 0.999535
4678.00 0.994160
4680.00 0.982232
4682.00 0.957020
4684.00 0.965509
4686.00 0.993145
4688.00 0.995021
4690.00 0.971915
4692.00 0.970061
4694.00 0.942456
4696.00 0.931322
4698.00 0.950404
4700.00 0.935856
4702.00 0.929519
4704.00 0.934063
4706.00 0.933282
4708.00 0.936950
4710.00 0.920487
4712.00 0.900528
4714.00 0.894390
4716.00 0.884801
4718.00 0.891451
4720.00 0.884770
4722.00 0.855804
4724.00 0.827519
4726.00 0.846574
4728.00 0.857478
4730.00 0.848373
4732.00 0.840897
4734.00 0.828790
4736.00 0.820009
4738.00 0.831490
4740.00 0.822621
4742.00 0.806815
4744.00 0.803277
4746.00 0.810441
4748.00 0.820858
4750.00 0.802681
4752.00 0.779763
4754.00 0.779220
4756.00 0.781254
4758.00 0.769464
4760.00 0.759307
4762.00 0.755838
4764.00 0.763230
4766.00 0.751153
4768.00 0.748569
4770.00 0.740433
4772.00 0.717815
4774.00 0.713544
4776.00 0.725165
4778.00 0.691060
4780.00 0.703832
4782.00 0.707198
4784.00 0.672670
4786.00 0.667174
4788.00 0.658382
4790.00 0.646843
4792.00 0.636881
4794.00 0.648491
4796.00 0.642427
4798.00 0.623113
4800.00 0.612574
4802.00 0.614888
4804.00 0.633322
4806.00 0.611852
4808.00 0.586581
4810.00 0.564207
4812.00 0.568685
4814.00 0.555274
4816.00 0.539144
4818.00 0.545574
4820.00 0.559044
4822.00 0.549685
4824.00 0.545454
4826.00 0.548811
4828.00 0.551430
4830.00 0.544333
4832.00 0.547242
4834.00 0.544331
4836.00 0.546193
4838.00 0.567452
4840.00 0.547344
4842.00 0.561987
4844.00 0.574895
4846.00 0.576218
4848.00 0.556848
4850.00 0.572669
4852.00 0.577594
4854.00 0.569573
4856.00 0.547054
4858.00 0.559412
4860.00 0.558713
4862.00 0.565217
4864.00 0.568468
4866.00 0.563242
4868.00 0.572112
4870.00 0.550644
4872.00 0.549510
4874.00 0.563088
4876.00 0.567260
4878.00 0.552965
4880.00 0.561288
4882.00 0.549640
4884.00 0.536164
4886.00 0.542741
4888.00 0.543600
4890.00 0.519530
4892.00 0.500821
4894.00 0.497660
4896.00 0.482738
4898.00 0.485214
4900.00 0.475074
4902.00 0.473900
4904.00 0.487098
4906.00 0.496497
4908.00 0.503621
4910.00 0.496487
4912.00 0.476131
4914.00 0.477392
4916.00 0.488188
4918.00 0.475200
4920.00 0.461682
4922.00 0.457335
4924.00 0.480205
4926.00 0.488191
4928.00 0.484126
4930.00 0.484792
4932.00 0.480758
4934.00 0.487825
4936.00 0.477508
4938.00 0.486507
4940.00 0.475692
4942.00 0.461258
4944.00 0.478242
4946.00 0.462068
4948.00 0.445529
4950.00 0.452162
4952.00 0.449341
4954.00 0.443775
4956.00 0.442279
4958.00 0.446713
4960.00 0.446086
4962.00 0.448775
4964.00 0.455165
4966.00 0.439064
4968.00 0.423654
4970.00 0.408153
4972.00 0.411327
4974.00 0.411215
4976.00 0.412675
4978.00 0.395520
4980.00 0.395809
4982.00 0.402969
4984.00 0.392093
4986.00 0.386440
4988.00 0.410613
4990.00 0.421001
4992.00 0.407111
4994.00 0.388351
4996.00 0.366293
4998.00 0.376659
5000.00 0.369423
5002.00 0.382549
5004.00 0.383202
5006.00 0.392693
5008.00 0.390947
5010.00 0.394746
5012.00 0.391844
5014.00 0.404093
5016.00 0.412734
5018.00 0.418659
5020.00 0.432735
5022.00 0.434993
5024.00 0.428658
5026.00 0.417069
5028.00 0.431503
5030.00 0.434870
5032.00 0.425750
5034.00 0.440436
5036.00 0.451952
5038.00 0.459268
5040.00 0.447257
5042.00 0.456309
5044.00 0.467147
5046.00 0.461805
5048.00 0.454022
5050.00 0.450231
5052.00 0.450113
5054.00 0.460229
5056.00 0.467689
5058.00 0.467256
5060.00 0.458097
5062.00 0.468712
5064.00 0.442207
5066.00 0.429700
5068.00 0.459296
5070.00 0.458041
5072.00 0.463658
5074.00 0.474776
5076.00 0.483368
5078.00 0.477815
5080.00 0.462854
5082.00 0.446608
5084.00 0.468527
5086.00 0.499772
5088.00 0.483871
5090.00 0.468977
5092.00 0.484192
5094.00 0.480063
5096.00 0.455287
5098.00 0.468474
5100.00 0.457614
5102.00 0.469280
5104.00 0.484550
5106.00 0.476279
5108.00 0.467584
5110.00 0.451914
5112.00 0.460963
5114.00 0.473021
5116.00 0.484079
5118.00 0.475890
5120.00 0.461256
5122.00 0.453861
5124.00 0.443005
5126.00 0.445907
5128.00 0.456214
5130.00 0.441612
5132.00 0.429052
5134.00 0.440366
5136.00 0.440402
5138.00 0.432752
5140.00 0.440921
5142.00 0.444324
5144.00 0.439157
5146.00 0.446016
5148.00 0.447620
5150.00 0.435535
5152.00 0.429006
5154.00 0.444864
5156.00 0.456787
5158.00 0.467464
5160.00 0.470083
5162.00 0.467884
5164.00 0.480252
5166.00 0.477343
5168.00 0.457918
5170.00 0.471623
5172.00 0.470676
5174.00 0.477653
5176.00 0.471247
5178.00 0.453177
5180.00 0.489082
5182.00 0.484070
5184.00 0.475600
5186.00 0.475099
5188.00 0.474082
5190.00 0.487160
5192.00 0.483430
5194.00 0.492239
5196.00 0.503134
5198.00 0.496007
5200.00 0.501475
5202.00 0.475284
5204.00 0.469721
5206.00 0.490408
5208.00 0.510185
5210.00 0.522274
5212.00 0.524782
5214.00 0.503923
5216.00 0.510077
5218.00 0.514719
5220.00 0.522640
5222.00 0.529818
5224.00 0.525097
5226.00 0.530883
5228.00 0.543729
5230.00 0.542899
5232.00 0.555301
5234.00 0.572227
5236.00 0.543019
5238.00 0.541823
5240.00 0.570533
5242.00 0.571926
5244.00 0.581025
5246.00 0.570658
5248.00 0.571460
5250.00 0.585715
5252.00 0.587285
5254.00 0.598622
5256.00 0.607985
5258.00 0.602880
5260.00 0.595038
5262.00 0.599178
5264.00 0.601983
5266.00 0.619317
5268.00 0.634222
5270.00 0.620539
5272.00 0.622497
5274.00 0.621568
5276.00 0.628328
5278.00 0.620441
5280.00 0.633866
5282.00 0.630444
5284.00 0.607158
5286.00 0.615493
5288.00 0.619769
5290.00 0.615773
5292.00 0.605221
5294.00 0.619199
5296.00 0.618851
5298.00 0.622171
5300.00 0.628295
5302.00 0.614239
5304.00 0.619146
5306.00 0.608689
5308.00 0.604601
5310.00 0.618423
5312.00 0.616972
5314.00 0.602516
5316.00 0.608136
5318.00 0.613173
5320.00 0.617052
5322.00 0.611751
5324.00 0.619693
5326.00 0.613183
5328.00 0.619633
5330.00 0.631614
5332.00 0.637180
5334.00 0.636450
5336.00 0.634066
5338.00 0.629389
5340.00 0.615626
5342.00 0.641912
5344.00 0.648960
5346.00 0.641461
5348.00 0.642249
5350.00 0.647290
5352.00 0.650210
5354.00 0.652172
5356.00 0.637950
5358.00 0.638840
5360.00 0.643126
5362.00 0.631844
5364.00 0.637262
5366.00 0.638148
5368.00 0.631521
5370.00 0.632151
5372.00 0.613692
5374.00 0.625950
5376.00 0.614841
5378.00 0.598757
5380.00 0.582530
5382.00 0.576604
5384.00 0.578855
5386.00 0.581005
5388.00 0.576203
5390.00 0.572492
5392.00 0.571076
5394.00 0.569310
5396.00 0.556152
5398.00 0.535592
5400.00 0.525517
5402.00 0.521950
5404.00 0.511514
5406.00 0.493999
5408.00 0.480781
5410.00 0.470550
5412.00 0.463559
5414.00 0.461423
5416.00 0.463323
5418.00 0.463386
5420.00 0.467765
5422.00 0.462546
5424.00 0.444039
5426.00 0.432753
5428.00 0.436308
5430.00 0.444958
5432.00 0.446008
5434.00 0.444284
5436.00 0.440802
5438.00 0.431153
5440.00 0.428003
5442.00 0.435555
5444.00 0.440188
5446.00 0.429720
5448.00 0.410662
5450.00 0.406557
5452.00 0.413575
5454.00 0.417094
5456.00 0.423585
5458.00 0.426188
5460.00 0.419421
5462.00 0.412083
5464.00 0.420378
5466.00 0.442730
5468.00 0.450167
5470.00 0.449796
5472.00 0.447873
5474.00 0.440271
5476.00 0.434964
5478.00 0.439825
5480.00 0.450327
5482.00 0.450481
5484.00 0.440392
5486.00 0.438652
5488.00 0.443062
5490.00 0.445054
5492.00 0.440972
5494.00 0.436449
5496.00 0.440116
5498.00 0.451198
5500.00 0.452667
5502.00 0.445853
5504.00 0.443461
5506.00 0.443594
5508.00 0.446505
5510.00 0.454988
5512.00 0.466929
5514.00 0.468195
5516.00 0.459839
5518.00 0.455217
5520.00 0.449352
5522.00 0.445388
5524.00 0.443087
5526.00 0.443242
5528.00 0.448836
5530.00 0.460623
5532.00 0.465336
5534.00 0.465122
5536.00 0.466507
5538.00 0.469888
5540.00 0.471851
5542.00 0.470023
5544.00 0.465904
5546.00 0.463392
5548.00 0.460591
5550.00 0.459303
5552.00 0.460530
5554.00 0.459905
5556.00 0.456432
5558.00 0.451675
5560.00 0.446999
5562.00 0.441669
5564.00 0.436935
5566.00 0.433636
5568.00 0.427848
5570.00 0.418937
5572.00 0.410060
5574.00 0.402825
5576.00 0.396353
5578.00 0.390541
5580.00 0.382297
5582.00 0.382794
5584.00 0.394437
5586.00 0.400861
5588.00 0.399860
5590.00 0.394873
5592.00 0.386871
5594.00 0.374209
5596.00 0.366617
5598.00 0.359792
5600.00 0.357465
5602.00 0.362322
5604.00 0.365994
5606.00 0.363021
5608.00 0.357139
5610.00 0.355958
5612.00 0.358657
5614.00 0.358223
5616.00 0.355746
5618.00 0.354079
5620.00 0.354375
5622.00 0.354394
5624.00 0.350963
5626.00 0.344509
5628.00 0.342838
5630.00 0.345033
5632.00 0.345949
5634.00 0.346610
5636.00 0.346781
5638.00 0.345159
5640.00 0.343125
5642.00 0.346844
5644.00 0.358655
5646.00 0.361292
5648.00 0.355986
5650.00 0.354111
5652.00 0.356328
5654.00 0.361299
5656.00 0.370193
5658.00 0.383826
5660.00 0.389749
5662.00 0.386540
5664.00 0.391807
5666.00 0.406699
5668.00 0.419658
5670.00 0.425050
5672.00 0.426759
5674.00 0.429298
5676.00 0.429839
5678.00 0.432994
5680.00 0.439579
5682.00 0.443160
5684.00 0.440362
5686.00 0.438414
5688.00 0.446567
5690.00 0.462311
5692.00 0.469857
5694.00 0.472192
5696.00 0.476369
5698.00 0.481202
5700.00 0.486115
5702.00 0.490629
5704.00 0.495284
5706.00 0.501968
5708.00 0.511089
5710.00 0.518216
5712.00 0.526434
5714.00 0.530567
5716.00 0.528246
5718.00 0.524791
5720.00 0.525855
5722.00 0.529155
5724.00 0.532345
5726.00 0.537109
5728.00 0.540479
5730.00 0.544282
5732.00 0.545359
5734.00 0.540939
5736.00 0.533902
5738.00 0.531738
5740.00 0.532029
5742.00 0.533287
5744.00 0.538501
5746.00 0.540126
5748.00 0.537896
5750.00 0.533013
5752.00 0.524498
5754.00 0.511767
5756.00 0.509196
5758.00 0.515870
5760.00 0.519222
5762.00 0.523486
5764.00 0.524705
5766.00 0.520321
5768.00 0.512802
5770.00 0.506778
5772.00 0.499309
5774.00 0.495618
5776.00 0.494833
5778.00 0.494825
5780.00 0.495898
5782.00 0.497624
5784.00 0.499512
5786.00 0.501884
5788.00 0.503025
5790.00 0.502981
5792.00 0.503477
5794.00 0.504445
5796.00 0.505029
5798.00 0.505220
5800.00 0.504818
5802.00 0.502389
5804.00 0.496134
5806.00 0.496529
5808.00 0.503102
5810.00 0.507666
5812.00 0.510376
5814.00 0.512036
5816.00 0.512330
5818.00 0.511269
5820.00 0.511727
5822.00 0.515665
5824.00 0.513428
5826.00 0.503300
5828.00 0.495973
5830.00 0.495683
5832.00 0.498487
5834.00 0.499856
5836.00 0.503218
5838.00 0.500617
5840.00 0.491215
5842.00 0.484926
5844.00 0.482861
5846.00 0.480822
5848.00 0.475581
5850.00 0.468553
5852.00 0.462270
5854.00 0.453787
5856.00 0.450041
5858.00 0.452499
5860.00 0.452626
5862.00 0.447704
5864.00 0.440122
5866.00 0.431437
5868.00 0.419899
5870.00 0.411119
5872.00 0.402891
5874.00 0.396664
5876.00 0.392589
5878.00 0.390033
5880.00 0.389000
5882.00 0.389563
5884.00 0.388101
5886.00 0.384198
5888.00 0.383337
5890.00 0.388380
5892.00 0.387755
5894.00 0.376231
5896.00 0.359986
5898.00 0.348087
5900.00 0.335516
5902.00 0.329953
5904.00 0.329961
5906.00 0.332656
5908.00 0.341376
5910.00 0.349025
5912.00 0.348740
5914.00 0.343760
5916.00 0.342196
5918.00 0.341491
5920.00 0.340921
5922.00 0.338923
5924.00 0.340316
5926.00 0.348307
5928.00 0.358365
5930.00 0.362270
5932.00 0.362413
5934.00 0.363193
5936.00 0.362430
5938.00 0.362618
5940.00 0.363349
5942.00 0.364939
5944.00 0.368178
5946.00 0.372661
5948.00 0.375263
5950.00 0.376722
5952.00 0.378169
5954.00 0.379907
5956.00 0.380257
5958.00 0.376600
5960.00 0.373249
5962.00 0.379470
5964.00 0.395245
5966.00 0.400073
5968.00 0.395325
5970.00 0.396636
5972.00 0.404383
5974.00 0.413180
5976.00 0.420484
5978.00 0.427504
5980.00 0.431072
5982.00 0.430019
5984.00 0.432013
5986.00 0.436029
5988.00 0.439036
5990.00 0.440108
5992.00 0.440457
5994.00 0.441199
5996.00 0.441137
5998.00 0.444756
6000.00 0.454435
6002.00 0.458365
6004.00 0.454407
6006.00 0.451455
6008.00 0.455823
6010.00 0.464066
6012.00 0.469394
6014.00 0.475400
6016.00 0.477920
6018.00 0.476324
6020.00 0.475698
6022.00 0.477249
6024.00 0.479408
6026.00 0.480741
6028.00 0.481563
6030.00 0.483543
6032.00 0.487103
6034.00 0.489263
6036.00 0.492579
6038.00 0.491848
6040.00 0.485413
6042.00 0.473604
6044.00 0.445248
6046.00 0.372654
6048.00 0.363863
6050.00 0.410114
6052.00 0.447400
6054.00 0.465768
6056.00 0.477287
6058.00 0.485059
6060.00 0.486523
6062.00 0.490458
6064.00 0.493520
6066.00 0.497439
6068.00 0.503424
6070.00 0.507844
6072.00 0.508321
6074.00 0.506250
6076.00 0.503711
6078.00 0.498843
6080.00 0.495564
6082.00 0.490493
6084.00 0.490007
6086.00 0.497394
6088.00 0.506797
6090.00 0.510425
6092.00 0.511335
6094.00 0.510630
6096.00 0.505732
6098.00 0.503689
6100.00 0.503237
6102.00 0.504680
6104.00 0.509915
6106.00 0.517201
6108.00 0.517284
6110.00 0.509725
6112.00 0.507900
6114.00 0.510789
6116.00 0.509992
6118.00 0.501999
6120.00 0.493302
6122.00 0.492359
6124.00 0.496771
6126.00 0.497654
6128.00 0.496869
6130.00 0.497594
6132.00 0.501118
6134.00 0.502816
6136.00 0.498940
6138.00 0.492379
6140.00 0.491839
6142.00 0.496746
6144.00 0.497707
6146.00 0.497114
6148.00 0.496096
6150.00 0.494381
6152.00 0.492547
6154.00 0.491932
6156.00 0.492482
6158.00 0.489798
6160.00 0.485134
6162.00 0.479031
6164.00 0.470945
6166.00 0.462011
6168.00 0.452215
6170.00 0.441899
6172.00 0.434241
6174.00 0.429297
6176.00 0.422498
6178.00 0.416032
6180.00 0.407481
6182.00 0.394276
6184.00 0.381700
6186.00 0.377110
6188.00 0.378513
6190.00 0.374949
6192.00 0.374712
6194.00 0.362594
6196.00 0.331977
6198.00 0.307326
6200.00 0.302626
6202.00 0.307327
6204.00 0.302777
6206.00 0.294451
6208.00 0.287532
6210.00 0.280492
6212.00 0.273263
6214.00 0.265702
6216.00 0.258109
6218.00 0.250830
6220.00 0.243702
6222.00 0.236854
6224.00 0.228740
6226.00 0.224229
6228.00 0.223750
6230.00 0.223659
6232.00 0.223616
6234.00 0.223077
6236.00 0.216316
6238.00 0.201959
6240.00 0.194031
6242.00 0.188235
6244.00 0.184813
6246.00 0.185093
6248.00 0.186230
6250.00 0.184719
6252.00 0.181854
6254.00 0.180611
6256.00 0.180756
6258.00 0.179865
6260.00 0.178155
6262.00 0.176388
6264.00 0.174916
6266.00 0.173445
6268.00 0.171427
6270.00 0.168261
6272.00 0.167302
6274.00 0.168318
6276.00 0.168984
6278.00 0.169725
6280.00 0.169819
6282.00 0.167796
6284.00 0.164007
6286.00 0.162748
6288.00 0.163353
6290.00 0.163344
6292.00 0.163021
6294.00 0.163021
6296.00 0.163885
6298.00 0.164987
6300.00 0.164597
6302.00 0.162422
6304.00 0.162524
6306.00 0.164441
6308.00 0.165867
6310.00 0.166537
6312.00 0.167299
6314.00 0.168506
6316.00 0.169851
6318.00 0.173902
6320.00 0.182556
6322.00 0.186763
6324.00 0.187528
6326.00 0.187644
6328.00 0.187789
6330.00 0.187618
6332.00 0.187609
6334.00 0.186363
6336.00 0.189355
6338.00 0.197667
6340.00 0.203018
6342.00 0.203884
6344.00 0.204845
6346.00 0.209783
6348.00 0.217045
6350.00 0.223902
6352.00 0.233271
6354.00 0.238544
6356.00 0.240383
6358.00 0.241186
6360.00 0.240594
6362.00 0.239725
6364.00 0.243090
6366.00 0.249900
6368.00 0.255822
6370.00 0.263000
6372.00 0.268968
6374.00 0.272998
6376.00 0.277162
6378.00 0.283867
6380.00 0.292214
6382.00 0.295531
6384.00 0.292651
6386.00 0.294926
6388.00 0.300848
6390.00 0.307008
6392.00 0.312350
6394.00 0.317828
6396.00 0.324259
6398.00 0.331412
6400.00 0.338882
6402.00 0.347567
6404.00 0.355114
6406.00 0.361385
6408.00 0.367172
6410.00 0.373005
6412.00 0.378638
6414.00 0.383781
6416.00 0.389182
6418.00 0.392679
6420.00 0.393175
6422.00 0.395152
6424.00 0.400779
6426.00 0.407409
6428.00 0.410412
6430.00 0.409650
6432.00 0.414994
6434.00 0.427277
6436.00 0.434581
6438.00 0.435923
6440.00 0.436334
6442.00 0.438988
6444.00 0.442353
6446.00 0.446672
6448.00 0.454260
6450.00 0.457078
6452.00 0.454363
6454.00 0.453969
6456.00 0.459782
6458.00 0.466667
6460.00 0.465678
6462.00 0.456943
6464.00 0.458539
6466.00 0.468471
6468.00 0.475533
6470.00 0.481069
6472.00 0.484823
6474.00 0.485368
6476.00 0.483433
6478.00 0.483453
6480.00 0.483145
6482.00 0.485060
6484.00 0.489499
6486.00 0.493731
6488.00 0.497598
6490.00 0.500904
6492.00 0.502026
6494.00 0.500756
6496.00 0.501893
6498.00 0.504529
6500.00 0.506822
6502.00 0.509712
6504.00 0.511490
6506.00 0.510225
6508.00 0.506976
6510.00 0.506404
6512.00 0.508787
6514.00 0.507714
6516.00 0.502972
6518.00 0.500096
6520.00 0.501482
6522.00 0.503638
6524.00 0.501148
6526.00 0.494553
6528.00 0.493541
6530.00 0.496385
6532.00 0.498960
6534.00 0.502862
6536.00 0.505551
6538.00 0.504512
6540.00 0.501185
6542.00 0.500128
6544.00 0.500068
6546.00 0.499926
6548.00 0.501035
6550.00 0.500502
6552.00 0.496319
6554.00 0.491837
6556.00 0.492499
6558.00 0.496914
6560.00 0.499978
6562.00 0.505369
6564.00 0.506623
6566.00 0.502452
6568.00 0.498247
6570.00 0.498267
6572.00 0.499909
6574.00 0.495305
6576.00 0.480136
6578.00 0.478618
6580.00 0.490055
6582.00 0.496466
6584.00 0.493531
6586.00 0.487571
6588.00 0.484777
6590.00 0.483248
6592.00 0.478749
6594.00 0.470376
6596.00 0.465221
6598.00 0.462619
6600.00 0.461540
6602.00 0.462145
6604.00 0.464146
6606.00 0.464320
6608.00 0.461772
6610.00 0.463609
6612.00 0.471698
6614.00 0.474755
6616.00 0.469424
6618.00 0.461329
6620.00 0.456551
6622.00 0.452329
6624.00 0.450513
6626.00 0.452154
6628.00 0.452042
6630.00 0.450448
6632.00 0.448814
6634.00 0.448424
6636.00 0.448266
6638.00 0.444300
6640.00 0.436013
6642.00 0.430406
6644.00 0.423927
6646.00 0.420857
6648.00 0.423301
6650.00 0.427315
6652.00 0.427758
6654.00 0.426366
6656.00 0.426389
6658.00 0.428692
6660.00 0.427187
6662.00 0.421753
6664.00 0.415340
6666.00 0.408680
6668.00 0.401682
6670.00 0.397801
6672.00 0.396178
6674.00 0.395403
6676.00 0.397102
6678.00 0.397771
6680.00 0.396131
6682.00 0.394676
6684.00 0.396755
6686.00 0.401800
6688.00 0.402473
6690.00 0.400873
6692.00 0.397881
6694.00 0.390897
6696.00 0.386129
6698.00 0.387956
6700.00 0.392997
6702.00 0.393363
6704.00 0.392957
6706.00 0.387809
6708.00 0.374968
6710.00 0.366480
6712.00 0.363740
6714.00 0.363853
6716.00 0.365595
6718.00 0.370166
6720.00 0.371063
6722.00 0.369523
6724.00 0.368382
6726.00 0.365979
6728.00 0.365187
6730.00 0.368477
6732.00 0.373628
6734.00 0.374513
6736.00 0.373125
6738.00 0.370412
6740.00 0.364714
6742.00 0.360071
6744.00 0.355832
6746.00 0.353242
6748.00 0.355471
6750.00 0.362285
6752.00 0.361411
6754.00 0.352375
6756.00 0.349719
6758.00 0.352803
6760.00 0.355710
6762.00 0.356342
6764.00 0.355926
6766.00 0.353982
6768.00 0.349740
6770.00 0.347027
6772.00 0.344946
6774.00 0.342750
6776.00 0.338990
6778.00 0.336798
6780.00 0.340615
6782.00 0.349341
6784.00 0.352510
6786.00 0.354215
6788.00 0.352358
6790.00 0.344171
6792.00 0.338054
6794.00 0.338291
6796.00 0.341315
6798.00 0.341633
6800.00 0.341910
6802.00 0.339518
6804.00 0.332442
6806.00 0.329034
6808.00 0.330585
6810.00 0.333577
6812.00 0.335373
6814.00 0.337259
6816.00 0.337621
6818.00 0.337825
6820.00 0.335153
6822.00 0.328122
6824.00 0.322223
6826.00 0.318940
6828.00 0.317616
6830.00 0.320462
6832.00 0.329766
6834.00 0.332027
6836.00 0.329944
6838.00 0.327708
6840.00 0.325185
6842.00 0.322184
6844.00 0.318698
6846.00 0.314587
6848.00 0.312330
6850.00 0.310971
6852.00 0.310938
6854.00 0.313171
6856.00 0.314902
6858.00 0.315198
6860.00 0.314734
6862.00 0.313708
6864.00 0.311973
6866.00 0.309853
6868.00 0.306949
6870.00 0.304164
6872.00 0.301416
6874.00 0.298755
6876.00 0.295896
6878.00 0.292796
6880.00 0.293321
6882.00 0.298915
6884.00 0.300520
6886.00 0.299325
6888.00 0.297875
6890.00 0.296685
6892.00 0.295532
6894.00 0.295146
6896.00 0.295327
6898.00 0.295717
6900.00 0.297147
6902.00 0.297434
6904.00 0.296894
6906.00 0.295194
6908.00 0.291200
6910.00 0.285255
6912.00 0.283124
6914.00 0.283196
6916.00 0.284355
6918.00 0.288749
6920.00 0.291296
6922.00 0.290211
6924.00 0.287184
6926.00 0.283723
6928.00 0.278296
6930.00 0.275568
6932.00 0.274239
6934.00 0.273886
6936.00 0.275072
6938.00 0.276591
6940.00 0.277331
6942.00 0.277808
6944.00 0.278609
6946.00 0.281549
6948.00 0.279906
6950.00 0.273479
6952.00 0.267452
6954.00 0.262375
6956.00 0.258425
6958.00 0.258740
6960.00 0.264143
6962.00 0.264190
6964.00 0.260213
6966.00 0.258053
6968.00 0.257626
6970.00 0.257770
6972.00 0.258169
6974.00 0.258985
6976.00 0.258476
6978.00 0.256842
6980.00 0.255413
6982.00 0.252204
6984.00 0.251725
6986.00 0.257000
6988.00 0.263720
6990.00 0.263819
6992.00 0.258536
6994.00 0.258187
6996.00 0.262127
6998.00 0.262435
7000.00 0.257892
7002.00 0.253444
7004.00 0.252660
7006.00 0.253767
7008.00 0.254078
7010.00 0.254881
7012.00 0.254957
7014.00 0.253951
7016.00 0.253758
7018.00 0.255229
7020.00 0.257189
7022.00 0.257806
7024.00 0.257403
7026.00 0.258258
7028.00 0.261033
7030.00 0.261461
7032.00 0.258498
7034.00 0.255879
7036.00 0.256735
7038.00 0.259384
7040.00 0.258447
7042.00 0.253367
7044.00 0.252349
7046.00 0.255341
7048.00 0.256153
7050.00 0.252404
7052.00 0.247482
7054.00 0.245970
7056.00 0.246360
7058.00 0.246720
7060.00 0.247845
7062.00 0.249152
7064.00 0.251170
7066.00 0.252811
7068.00 0.253428
7070.00 0.253330
7072.00 0.251883
7074.00 0.249111
7076.00 0.245684
7078.00 0.239367
7080.00 0.235917
7082.00 0.237440
7084.00 0.240759
7086.00 0.241776
7088.00 0.241854
7090.00 0.242840
7092.00 0.245312
7094.00 0.245625
7096.00 0.243442
7098.00 0.240861
7100.00 0.238773
7102.00 0.236793
7104.00 0.236589
7106.00 0.238208
7108.00 0.239483
7110.00 0.241955
7112.00 0.243041
7114.00 0.242264
7116.00 0.240266
7118.00 0.237226
7120.00 0.232531
7122.00 0.229877
7124.00 0.227717
7126.00 0.227216
7128.00 0.229208
7130.00 0.231191
7132.00 0.231371
7134.00 0.230866
7136.00 0.232196
7138.00 0.235157
7140.00 0.237341
7142.00 0.240506
7144.00 0.241647
7146.00 0.239852
7148.00 0.236661
7150.00 0.233802
7152.00 0.230598
7154.00 0.226784
7156.00 0.219052
7158.00 0.218153
7160.00 0.225444
7162.00 0.233153
7164.00 0.237770
7166.00 0.241050
7168.00 0.240825
7170.00 0.234807
7172.00 0.233991
7174.00 0.235936
7176.00 0.238340
7178.00 0.241696
7180.00 0.244907
7182.00 0.245852
7184.00 0.245342
7186.00 0.243973
7188.00 0.239261
7190.00 0.238514
7192.00 0.242521
7194.00 0.246098
7196.00 0.246451
7198.00 0.245353
7200.00 0.244993
7202.00 0.244714
7204.00 0.244033
7206.00 0.244228
7208.00 0.242013
7210.00 0.235245
7212.00 0.228183
7214.00 0.226490
7216.00 0.228402
7218.00 0.228444
7220.00 0.228849
7222.00 0.228141
7224.00 0.225622
7226.00 0.223760
7228.00 0.223518
7230.00 0.224437
7232.00 0.227456
7234.00 0.233600
7236.00 0.237679
7238.00 0.243010
7240.00 0.244423
7242.00 0.239397
7244.00 0.233147
7246.00 0.231796
7248.00 0.233034
7250.00 0.233864
7252.00 0.236685
7254.00 0.236917
7256.00 0.234485
7258.00 0.231843
7260.00 0.230017
7262.00 0.228368
7264.00 0.226625
7266.00 0.224181
7268.00 0.223802
7270.00 0.225960
7272.00 0.226842
7274.00 0.225695
7276.00 0.224218
7278.00 0.224076
7280.00 0.224732
7282.00 0.224177
7284.00 0.222322
7286.00 0.221589
7288.00 0.222115
7290.00 0.222278
7292.00 0.221554
7294.00 0.220197
7296.00 0.217618
7298.00 0.212709
7300.00 0.210837
7302.00 0.210680
7304.00 0.211376
7306.00 0.213236
7308.00 0.215647
7310.00 0.217969
7312.00 0.220635
7314.00 0.221770
7316.00 0.222908
7318.00 0.221068
7320.00 0.213704
7322.00 0.209133
7324.00 0.212314
7326.00 0.218695
7328.00 0.219063
7330.00 0.215344
7332.00 0.213797
7334.00 0.212530
7336.00 0.211545
7338.00 0.210648
7340.00 0.210259
7342.00 0.211196
7344.00 0.213356
7346.00 0.212940
7348.00 0.209024
7350.00 0.208753
7352.00 0.212377
7354.00 0.215093
7356.00 0.214760
7358.00 0.213221
7360.00 0.212958
7362.00 0.212319
7364.00 0.214444
7366.00 0.220854
7368.00 0.224145
7370.00 0.224785
7372.00 0.222613
7374.00 0.215100
7376.00 0.202511
7378.00 0.200395
7380.00 0.207205
7382.00 0.210967
7384.00 0.216740
7386.00 0.218316
7388.00 0.210280
7390.00 0.199070
7392.00 0.200043
7394.00 0.211806
7396.00 0.214490
7398.00 0.212242
7400.00 0.210841
7402.00 0.210502
7404.00 0.209898
7406.00 0.207665
7408.00 0.204166
7410.00 0.205386
7412.00 0.213107
7414.00 0.214804
7416.00 0.212452
7418.00 0.208704
7420.00 0.202852
7422.00 0.196586
7424.00 0.196209
7426.00 0.201606
7428.00 0.202031
7430.00 0.198891
7432.00 0.197915
7434.00 0.199923
7436.00 0.202049
7438.00 0.201920
7440.00 0.200565
7442.00 0.200516
7444.00 0.201522
7446.00 0.201574
7448.00 0.200620
7450.00 0.200135
7452.00 0.200736
7454.00 0.201756
7456.00 0.202167
7458.00 0.202011
7460.00 0.203025
7462.00 0.207015
7464.00 0.206844
7466.00 0.200837
7468.00 0.194307
7470.00 0.191134
7472.00 0.189468
7474.00 0.189739
7476.00 0.193541
7478.00 0.195066
7480.00 0.195493
7482.00 0.195617
7484.00 0.196001
7486.00 0.195855
7488.00 0.193329
7490.00 0.187670
7492.00 0.186435
7494.00 0.188811
7496.00 0.190102
7498.00 0.190784
7500.00 0.190847
7502.00 0.189980
7504.00 0.188334
7506.00 0.185872
7508.00 0.181384
7510.00 0.178969
7512.00 0.177486
7514.00 0.177131
7516.00 0.178811
7518.00 0.181013
7520.00 0.180409
7522.00 0.177754
7524.00 0.175998
7526.00 0.173697
7528.00 0.172464
7530.00 0.172659
7532.00 0.173004
7534.00 0.172898
7536.00 0.172620
7538.00 0.170266
7540.00 0.164485
7542.00 0.162045
7544.00 0.161223
7546.00 0.161751
7548.00 0.164855
7550.00 0.168333
7552.00 0.167498
7554.00 0.163651
7556.00 0.159938
7558.00 0.153808
7560.00 0.150112
7562.00 0.149393
7564.00 0.148931
7566.00 0.147030
7568.00 0.144548
7570.00 0.141867
7572.00 0.137312
7574.00 0.136105
7576.00 0.138409
7578.00 0.139728
7580.00 0.139253
7582.00 0.137782
7584.00 0.135459
7586.00 0.132391
7588.00 0.127581
7590.00 0.119173
7592.00 0.113934
7594.00 0.111804
7596.00 0.110747
7598.00 0.108955
7600.00 0.107549
7602.00 0.111881
7604.00 0.125309
7606.00 0.130037
7608.00 0.130191
7610.00 0.128389
7612.00 0.123912
7614.00 0.118422
7616.00 0.116026
7618.00 0.116237
7620.00 0.111541
7622.00 0.100510
7624.00 0.0950857
7626.00 0.0954454
7628.00 0.0969592
7630.00 0.0971178
7632.00 0.0972816
7634.00 0.0984051
7636.00 0.101309
7638.00 0.102038
7640.00 0.101468
7642.00 0.100385
7644.00 0.0988910
7646.00 0.0968725
7648.00 0.0940009
7650.00 0.0896185
7652.00 0.0891580
7654.00 0.0926362
7656.00 0.0945427
7658.00 0.0956483
7660.00 0.0961455
7662.00 0.0956354
7664.00 0.0944630
7666.00 0.0946597
7668.00 0.0964832
7670.00 0.0965095
7672.00 0.0950388
7674.00 0.0940860
7676.00 0.0940017
7678.00 0.0942563
7680.00 0.0945589
7682.00 0.0951764
7684.00 0.0950239
7686.00 0.0937889
7688.00 0.0935637
7690.00 0.0945094
7692.00 0.0953665
7694.00 0.0951380
7696.00 0.0945548
7698.00 0.0959538
7700.00 0.0998710
7702.00 0.101378
7704.00 0.100077
7706.00 0.101296
7708.00 0.107218
7710.00 0.113769
7712.00 0.116138
7714.00 0.116401
7716.00 0.114031
7718.00 0.105460
7720.00 0.102603
7722.00 0.105416
7724.00 0.108783
7726.00 0.110487
7728.00 0.111754
7730.00 0.112311
7732.00 0.111082
7734.00 0.112413
7736.00 0.116097
7738.00 0.119004
7740.00 0.121145
7742.00 0.122426
7744.00 0.121609
7746.00 0.118417
7748.00 0.119877
7750.00 0.126117
7752.00 0.129427
7754.00 0.130370
7756.00 0.131118
7758.00 0.132469
7760.00 0.133990
7762.00 0.135987
7764.00 0.139658
7766.00 0.140015
7768.00 0.136741
7770.00 0.135092
7772.00 0.136143
7774.00 0.137646
7776.00 0.137488
7778.00 0.136470
7780.00 0.135598
7782.00 0.132244
7784.00 0.133817
7786.00 0.141797
7788.00 0.148699
7790.00 0.151179
7792.00 0.151383
7794.00 0.150368
7796.00 0.144841
7798.00 0.146222
7800.00 0.154715
7802.00 0.159679
7804.00 0.159709
7806.00 0.158113
7808.00 0.157113
7810.00 0.155521
7812.00 0.155803
7814.00 0.158997
7816.00 0.159125
7818.00 0.155973
7820.00 0.153234
7822.00 0.151990
7824.00 0.151797
7826.00 0.154364
7828.00 0.160871
7830.00 0.163976
7832.00 0.165602
7834.00 0.166593
7836.00 0.166752
7838.00 0.166449
7840.00 0.166337
7842.00 0.166237
7844.00 0.164791
7846.00 0.161038
7848.00 0.159563
7850.00 0.158541
7852.00 0.160217
7854.00 0.166576
7856.00 0.175539
7858.00 0.182092
7860.00 0.190456
7862.00 0.190720
7864.00 0.180773
7866.00 0.175809
7868.00 0.177781
7870.00 0.181069
7872.00 0.181369
7874.00 0.180547
7876.00 0.179364
7878.00 0.175994
7880.00 0.175582
7882.00 0.178688
7884.00 0.180837
7886.00 0.179890
7888.00 0.177772
7890.00 0.177643
7892.00 0.179621
7894.00 0.178038
7896.00 0.171702
7898.00 0.169342
7900.00 0.171495
7902.00 0.175934
7904.00 0.182237
7906.00 0.191087
7908.00 0.193619
7910.00 0.189722
7912.00 0.189496
7914.00 0.192304
7916.00 0.193687
7918.00 0.192081
7920.00 0.188753
7922.00 0.184496
7924.00 0.177194
7926.00 0.175072
7928.00 0.177822
7930.00 0.178807
7932.00 0.178022
7934.00 0.176467
7936.00 0.173842
7938.00 0.170031
7940.00 0.170892
7942.00 0.176608
7944.00 0.180072
7946.00 0.182643
7948.00 0.185198
7950.00 0.189676
7952.00 0.193215
7954.00 0.188916
7956.00 0.182174
7958.00 0.159953
7960.00 0.151208
7962.00 0.142462
7964.00 0.133716
7966.00 0.124970
7968.00 0.124970
7970.00 0.160773
7972.00 0.179159
7974.00 0.187597
7976.00 0.193733
7978.00 0.194274
7980.00 0.193063
7982.00 0.189463
7984.00 0.185431
7986.00 0.188025
7988.00 0.195335
7990.00 0.203399
7992.00 0.215656
7994.00 0.225349
7996.00 0.233710
7998.00 0.239300
8000.00 0.240343
8002.00 0.237673
8004.00 0.231921
8006.00 0.220903
8008.00 0.211197
8010.00 0.198778
8012.00 0.190095
8014.00 0.187568
8016.00 0.188543
8018.00 0.190267
8020.00 0.196141
8022.00 0.194135
8024.00 0.183485
8026.00 0.177974
8028.00 0.176841
8030.00 0.178607
8032.00 0.184228
8034.00 0.193283
8036.00 0.196080
8038.00 0.193870
8040.00 0.193592
8042.00 0.192301
8044.00 0.193110
8046.00 0.198315
8048.00 0.204576
8050.00 0.205765
8052.00 0.203576
8054.00 0.201835
8056.00 0.198155
8058.00 0.196218
8060.00 0.196481
8062.00 0.196888
8064.00 0.196641
8066.00 0.196098
8068.00 0.191428
8070.00 0.178302
8072.00 0.175775
8074.00 0.182581
8076.00 0.187980
8078.00 0.189021
8080.00 0.189123
8082.00 0.191820
8084.00 0.196991
8086.00 0.197333
8088.00 0.193392
8090.00 0.190580
8092.00 0.187644
8094.00 0.185986
8096.00 0.187512
8098.00 0.191155
8100.00 0.192137
8102.00 0.190611
8104.00 0.191676
8106.00 0.195489
8108.00 0.197659
8110.00 0.196825
8112.00 0.194813
8114.00 0.193737
8116.00 0.192899
8118.00 0.191407
8120.00 0.189637
8122.00 0.187292
8124.00 0.183357
8126.00 0.180386
8128.00 0.180184
8130.00 0.181785
8132.00 0.184095
8134.00 0.188366
8136.00 0.191637
8138.00 0.195471
8140.00 0.197834
8142.00 0.198259
8144.00 0.197364
8146.00 0.195355
8148.00 0.191346
8150.00 0.190515
8152.00 0.191261
8154.00 0.193453
8156.00 0.199708
8158.00 0.203670
8160.00 0.199960
8162.00 0.191902
8164.00 0.189359
8166.00 0.189806
8168.00 0.190003
8170.00 0.191487
8172.00 0.192578
8174.00 0.192542
8176.00 0.192609
8178.00 0.194983
8180.00 0.200134
8182.00 0.198614
8184.00 0.189803
8186.00 0.185153
8188.00 0.182426
8190.00 0.182777
8192.00 0.189551
8194.00 0.200006
8196.00 0.199694
8198.00 0.190244
8200.00 0.183911
8202.00 0.175400
8204.00 0.169567
8206.00 0.167715
8208.00 0.167665
8210.00 0.167082
8212.00 0.166805
8214.00 0.167764
8216.00 0.169813
8218.00 0.172467
8220.00 0.176124
8222.00 0.179987
8224.00 0.184237
8226.00 0.188473
8228.00 0.188914
8230.00 0.184629
8232.00 0.183838
8234.00 0.186337
8236.00 0.185728
8238.00 0.180067
8240.00 0.172918
8242.00 0.168085
8244.00 0.163849
8246.00 0.161242
8248.00 0.162033
8250.00 0.159523
8252.00 0.151691
8254.00 0.146591
8256.00 0.150292
8258.00 0.158152
8260.00 0.157321
8262.00 0.149826
8264.00 0.145295
8266.00 0.139522
8268.00 0.136423
8270.00 0.138419
8272.00 0.140678
8274.00 0.136252
8276.00 0.126497
8278.00 0.125424
8280.00 0.131864
8282.00 0.135006
8284.00 0.137214
8286.00 0.137532
8288.00 0.134541
8290.00 0.129516
8292.00 0.126534
8294.00 0.124112
8296.00 0.122269
8298.00 0.121493
8300.00 0.120343
8302.00 0.119388
8304.00 0.117466
8306.00 0.112252
8308.00 0.103983
8310.00 0.100103
8312.00 0.0987926
8314.00 0.0980944
8316.00 0.0995846
8318.00 0.100180
8320.00 0.0977636
8322.00 0.0940947
8324.00 0.0931788
8326.00 0.0948633
8328.00 0.0939848
8330.00 0.0912289
8332.00 0.0891240
8334.00 0.0877554
8336.00 0.0868545
8338.00 0.0863306
8340.00 0.0860841
8342.00 0.0876497
8344.00 0.0926300
8346.00 0.0942029
8348.00 0.0929635
8350.00 0.0909590
8352.00 0.0885446
8354.00 0.0857579
8356.00 0.0845142
8358.00 0.0854449
8360.00 0.0831109
8362.00 0.0778929
8364.00 0.0735055
8366.00 0.0690672
8368.00 0.0662270
8370.00 0.0680516
8372.00 0.0738091
8374.00 0.0756703
8376.00 0.0745762
8378.00 0.0758730
8380.00 0.0798837
8382.00 0.0827922
8384.00 0.0829446
8386.00 0.0816249
8388.00 0.0801862
8390.00 0.0769773
8392.00 0.0768340
8394.00 0.0807892
8396.00 0.0814160
8398.00 0.0767573
8400.00 0.0717544
8402.00 0.0711883
8404.00 0.0731899
8406.00 0.0737999
8408.00 0.0742734
8410.00 0.0748034
8412.00 0.0755771
8414.00 0.0759861
8416.00 0.0759760
8418.00 0.0754618
8420.00 0.0735003
8422.00 0.0683924
8424.00 0.0690986
8426.00 0.0779991
8428.00 0.0798088
8430.00 0.0711855
8432.00 0.0613623
8434.00 0.0577470
8436.00 0.0568517
8438.00 0.0610823
8440.00 0.0753781
8442.00 0.0808456
8444.00 0.0796935
8446.00 0.0775826
8448.00 0.0753400
8450.00 0.0730562
8452.00 0.0745880
8454.00 0.0808717
8456.00 0.0810476
8458.00 0.0771785
8460.00 0.0730463
8462.00 0.0684858
8464.00 0.0632988
8466.00 0.0566855
8468.00 0.0486393
8470.00 0.0479954
8472.00 0.0545423
8474.00 0.0591618
8476.00 0.0653422
8478.00 0.0695245
8480.00 0.0695839
8482.00 0.0679270
8484.00 0.0691164
8486.00 0.0726319
8488.00 0.0727106
8490.00 0.0686805
8492.00 0.0679433
8494.00 0.0724255
8496.00 0.0764200
8498.00 0.0746535
8500.00 0.0693763
8502.00 0.0678407
8504.00 0.0663998
8506.00 0.0690233
8508.00 0.0786920
8510.00 0.0846636
8512.00 0.0821046
8514.00 0.0764133
8516.00 0.0759907
8518.00 0.0788829
8520.00 0.0787797
8522.00 0.0752148
8524.00 0.0755506
8526.00 0.0817094
8528.00 0.0877259
8530.00 0.0886887
8532.00 0.0868659
8534.00 0.0862834
8536.00 0.0848660
8538.00 0.0849686
8540.00 0.0871111
8542.00 0.0882332
8544.00 0.0870487
8546.00 0.0850741
8548.00 0.0844672
8550.00 0.0843097
8552.00 0.0850170
8554.00 0.0863633
8556.00 0.0886462
8558.00 0.0934846
8560.00 0.0970297
8562.00 0.0954604
8564.00 0.0906035
8566.00 0.0890379
8568.00 0.0883940
8570.00 0.0890605
8572.00 0.0916362
8574.00 0.0941887
8576.00 0.0964196
8578.00 0.0984750
8580.00 0.100065
8582.00 0.101915
8584.00 0.100704
8586.00 0.0951806
8588.00 0.0924009
8590.00 0.0922337
8592.00 0.0931015
8594.00 0.0944508
8596.00 0.0965390
8598.00 0.0978256
8600.00 0.0984166
8602.00 0.0997462
8604.00 0.101714
8606.00 0.103523
8608.00 0.105048
8610.00 0.106376
8612.00 0.107335
8614.00 0.107738
8616.00 0.109049
8618.00 0.111254
8620.00 0.112972
8622.00 0.114790
8624.00 0.115714
8626.00 0.114000
8628.00 0.110695
8630.00 0.112906
8632.00 0.121400
8634.00 0.125213
8636.00 0.127543
8638.00 0.127956
8640.00 0.124824
8642.00 0.121037
8644.00 0.122064
8646.00 0.126343
8648.00 0.130061
8650.00 0.136529
8652.00 0.139167
8654.00 0.138164
8656.00 0.135206
8658.00 0.130086
8660.00 0.123174
8662.00 0.121372
8664.00 0.122261
8666.00 0.125862
8668.00 0.134088
8670.00 0.141525
8672.00 0.147913
8674.00 0.153072
8676.00 0.154780
8678.00 0.152921
8680.00 0.154064
8682.00 0.157993
8684.00 0.158850
8686.00 0.156666
8688.00 0.153448
8690.00 0.148824
8692.00 0.143455
8694.00 0.146260
8696.00 0.158510
8698.00 0.165094
8700.00 0.171804
8702.00 0.174732
8704.00 0.171678
8706.00 0.166461
8708.00 0.164474
8710.00 0.163741
8712.00 0.162675
8714.00 0.160127
8716.00 0.161317
8718.00 0.167713
8720.00 0.173675
8722.00 0.175697
8724.00 0.175862
8726.00 0.177158
8728.00 0.178780
8730.00 0.179836
8732.00 0.180133
8734.00 0.180974
8736.00 0.183234
8738.00 0.185299
8740.00 0.184543
8742.00 0.181199
8744.00 0.181637
8746.00 0.185593
8748.00 0.187430
8750.00 0.187498
8752.00 0.187251
8754.00 0.187324
8756.00 0.187355
8758.00 0.187210
8760.00 0.188208
8762.00 0.185765
8764.00 0.178034
8766.00 0.174235
8768.00 0.176640
8770.00 0.181139
8772.00 0.184458
8774.00 0.189348
8776.00 0.184602
8778.00 0.166816
8780.00 0.158371
8782.00 0.156188
8784.00 0.158146
8786.00 0.164902
8788.00 0.175450
8790.00 0.183295
8792.00 0.192737
8794.00 0.196494
8796.00 0.195037
8798.00 0.193260
8800.00 0.189896
8802.00 0.187612
8804.00 0.191757
8806.00 0.201300
8808.00 0.205253
8810.00 0.207365
8812.00 0.207043
8814.00 0.203760
8816.00 0.199140
8818.00 0.193070
8820.00 0.186137
8822.00 0.183042
8824.00 0.183361
8826.00 0.182190
8828.00 0.181771
8830.00 0.179827
8832.00 0.173782
8834.00 0.168986
8836.00 0.172963
8838.00 0.183807
8840.00 0.188453
8842.00 0.189011
8844.00 0.192414
8846.00 0.198621
8848.00 0.204272
8850.00 0.208285
8852.00 0.211148
8854.00 0.211512
8856.00 0.208294
8858.00 0.207707
8860.00 0.208380
8862.00 0.208872
8864.00 0.209798
8866.00 0.209917
8868.00 0.207020
8870.00 0.201541
8872.00 0.199336
8874.00 0.199609
8876.00 0.198712
8878.00 0.198642
8880.00 0.196136
8882.00 0.188677
8884.00 0.178646
8886.00 0.171714
8888.00 0.164151
8890.00 0.162644
8892.00 0.167500
8894.00 0.171858
8896.00 0.175091
8898.00 0.178988
8900.00 0.185600
8902.00 0.194797
8904.00 0.196646
8906.00 0.189877
8908.00 0.189302
8910.00 0.194816
8912.00 0.198442
8914.00 0.196841
8916.00 0.192585
8918.00 0.188336
8920.00 0.181978
8922.00 0.178267
8924.00 0.174927
8926.00 0.174450
8928.00 0.178263
8930.00 0.183025
8932.00 0.185687
8934.00 0.187747
8936.00 0.187159
8938.00 0.182170
8940.00 0.180743
8942.00 0.184589
8944.00 0.184514
8946.00 0.173511
8948.00 0.159370
8950.00 0.160844
8952.00 0.175898
8954.00 0.182677
8956.00 0.187122
8958.00 0.191341
8960.00 0.196541
8962.00 0.199796
8964.00 0.197567
8966.00 0.191020
8968.00 0.188312
8970.00 0.187314
8972.00 0.186067
8974.00 0.184158
8976.00 0.183892
8978.00 0.187432
8980.00 0.192078
8982.00 0.191019
8984.00 0.183978
8986.00 0.183924
8988.00 0.189511
8990.00 0.192851
8992.00 0.195609
8994.00 0.195255
8996.00 0.186991
8998.00 0.172376
9000.00 0.167073
9002.00 0.167322
9004.00 0.168145
9006.00 0.173603
9008.00 0.175950
9010.00 0.172159
9012.00 0.165063
9014.00 0.157500
9016.00 0.146103
9018.00 0.141697
9020.00 0.142564
9022.00 0.143828
9024.00 0.146462
9026.00 0.149139
9028.00 0.150467
9030.00 0.151142
9032.00 0.149642
9034.00 0.146579
9036.00 0.141632
9038.00 0.131883
9040.00 0.125470
9042.00 0.125938
9044.00 0.129376
9046.00 0.130173
9048.00 0.130919
9050.00 0.129488
9052.00 0.124498
9054.00 0.122168
9056.00 0.123677
9058.00 0.124997
9060.00 0.123006
9062.00 0.119159
9064.00 0.115407
9066.00 0.110784
9068.00 0.106297
9070.00 0.0994183
9072.00 0.0963696
9074.00 0.100108
9076.00 0.106978
9078.00 0.111489
9080.00 0.116631
9082.00 0.117958
9084.00 0.116057
9086.00 0.113362
9088.00 0.108573
9090.00 0.104145
9092.00 0.102282
9094.00 0.101918
9096.00 0.101972
9098.00 0.100815
9100.00 0.105159
9102.00 0.111742
9104.00 0.124703
9106.00 0.153843
9108.00 0.183010
9110.00 0.175842
9112.00 0.133257
9114.00 0.128060
9116.00 0.157249
9118.00 0.159964
9120.00 0.129493
9122.00 0.0981071
9124.00 0.0875581
9126.00 0.0869778
9128.00 0.0845181
9130.00 0.0847272
9132.00 0.0860516
9134.00 0.0890365
9136.00 0.0933339
9138.00 0.100674
9140.00 0.107918
9142.00 0.108218
9144.00 0.102731
9146.00 0.100412
9148.00 0.0965577
9150.00 0.0970488
9152.00 0.103086
9154.00 0.110038
9156.00 0.116324
9158.00 0.122506
9160.00 0.119244
9162.00 0.101584
9164.00 0.0973305
9166.00 0.102007
9168.00 0.106493
9170.00 0.109179
9172.00 0.111698
9174.00 0.114641
9176.00 0.118723
9178.00 0.118134
9180.00 0.112999
9182.00 0.108650
9184.00 0.102742
9186.00 0.0992091
9188.00 0.102335
9190.00 0.109515
9192.00 0.110379
9194.00 0.105144
9196.00 0.105431
9198.00 0.109486
9200.00 0.112892
9202.00 0.115672
9204.00 0.117251
9206.00 0.114795
9208.00 0.107870
9210.00 0.106742
9212.00 0.110506
9214.00 0.111782
9216.00 0.110350
9218.00 0.109389
9220.00 0.111009
9222.00 0.113940
9224.00 0.115108
9226.00 0.114451
9228.00 0.115900
9230.00 0.119367
9232.00 0.121836
9234.00 0.122821
9236.00 0.122959
9238.00 0.122221
9240.00 0.119896
9242.00 0.121009
9244.00 0.126459
9246.00 0.128350
9248.00 0.126288
9250.00 0.124301
9252.00 0.124694
9254.00 0.126106
9256.00 0.126737
9258.00 0.127871
9260.00 0.127239
9262.00 0.123652
9264.00 0.122420
9266.00 0.126136
9268.00 0.130106
9270.00 0.127778
9272.00 0.120809
9274.00 0.117129
9276.00 0.109415
9278.00 0.112837
9280.00 0.131311
9282.00 0.148735
9284.00 0.157000
9286.00 0.160591
9288.00 0.159648
9290.00 0.149864
9292.00 0.146639
9294.00 0.148422
9296.00 0.146580
9298.00 0.138194
9300.00 0.128711
9302.00 0.123986
9304.00 0.121135
9306.00 0.123692
9308.00 0.132767
9310.00 0.141183
9312.00 0.149753
9314.00 0.159610
9316.00 0.173506
9318.00 0.188567
9320.00 0.191344
9322.00 0.187401
9324.00 0.174056
9326.00 0.141676
9328.00 0.120527
9330.00 0.112669
9332.00 0.114413
9334.00 0.128418
9336.00 0.156778
9338.00 0.170640
9340.00 0.184402
9342.00 0.181897
9344.00 0.155329
9346.00 0.132260
9348.00 0.126210
9350.00 0.128584
9352.00 0.133041
9354.00 0.144724
9356.00 0.152743
9358.00 0.162340
9360.00 0.167685
9362.00 0.167961
9364.00 0.164925
9366.00 0.160373
9368.00 0.154139
9370.00 0.140205
9372.00 0.103311
9374.00 0.0990019
9376.00 0.133013
9378.00 0.162674
9380.00 0.169189
9382.00 0.164849
9384.00 0.157284
9386.00 0.137602
9388.00 0.129933
9390.00 0.130784
9392.00 0.129162
9394.00 0.122914
9396.00 0.117007
9398.00 0.116785
9400.00 0.120926
9402.00 0.118157
9404.00 0.102887
9406.00 0.105238
9408.00 0.128855
9410.00 0.148269
9412.00 0.151382
9414.00 0.147426
9416.00 0.148771
9418.00 0.153159
9420.00 0.151173
9422.00 0.142510
9424.00 0.136458
9426.00 0.134548
9428.00 0.132871
9430.00 0.127986
9432.00 0.121207
9434.00 0.115158
9436.00 0.100348
9438.00 0.104884
9440.00 0.137094
9442.00 0.159391
9444.00 0.152679
9446.00 0.133466
9448.00 0.128375
9450.00 0.124636
9452.00 0.134389
9454.00 0.167724
9456.00 0.183641
9458.00 0.175751
9460.00 0.161915
9462.00 0.157576
9464.00 0.156678
9466.00 0.146224
9468.00 0.117041
9470.00 0.113317
9472.00 0.144397
9474.00 0.159562
9476.00 0.127523
9478.00 0.0806594
9480.00 0.0879422
9482.00 0.144071
9484.00 0.158816
9486.00 0.148176
9488.00 0.146459
9490.00 0.156736
9492.00 0.167916
9494.00 0.172926
9496.00 0.175203
9498.00 0.170474
9500.00 0.152540
9502.00 0.146510
9504.00 0.151200
9506.00 0.154320
9508.00 0.147823
9510.00 0.140939
9512.00 0.154960
9514.00 0.195289
9516.00 0.200543
9518.00 0.181834
9520.00 0.162245
9522.00 0.134891
9524.00 0.111664
9526.00 0.107345
9528.00 0.115714
9530.00 0.122129
9532.00 0.133415
9534.00 0.143279
9536.00 0.156756
9538.00 0.164319
9540.00 0.158954
9542.00 0.149359
9544.00 0.153962
9546.00 0.169319
9548.00 0.178369
9550.00 0.190358
9552.00 0.193143
9554.00 0.182255
9556.00 0.170094
9558.00 0.168367
9560.00 0.172028
9562.00 0.165378
9564.00 0.146373
9566.00 0.139478
9568.00 0.140739
9570.00 0.144480
9572.00 0.151404
9574.00 0.159178
9576.00 0.159052
9578.00 0.152056
9580.00 0.149815
9582.00 0.150638
9584.00 0.148723
9586.00 0.141395
9588.00 0.136058
9590.00 0.140187
9592.00 0.150441
9594.00 0.152077
9596.00 0.149433
9598.00 0.144795
9600.00 0.133079
9602.00 0.126616
9604.00 0.130894
9606.00 0.139261
9608.00 0.142095
9610.00 0.144220
9612.00 0.140001
9614.00 0.124287
9616.00 0.118265
9618.00 0.122701
9620.00 0.130675
9622.00 0.139400
9624.00 0.150244
9626.00 0.153470
9628.00 0.150891
9630.00 0.147634
9632.00 0.138726
9634.00 0.134174
9636.00 0.137982
9638.00 0.145111
9640.00 0.148646
9642.00 0.151053
9644.00 0.153691
9646.00 0.158204
9648.00 0.158207
9650.00 0.153305
9652.00 0.146163
9654.00 0.137678
9656.00 0.127466
9658.00 0.120664
9660.00 0.113135
9662.00 0.112857
9664.00 0.123167
9666.00 0.128768
9668.00 0.124492
9670.00 0.117005
9672.00 0.114567
9674.00 0.114775
9676.00 0.112584
9678.00 0.107414
9680.00 0.105987
9682.00 0.107644
9684.00 0.111942
9686.00 0.118146
9688.00 0.126768
9690.00 0.143223
9692.00 0.180647
9694.00 0.188100
9696.00 0.170401
9698.00 0.153820
9700.00 0.142767
9702.00 0.132924
9704.00 0.125095
9706.00 0.121360
9708.00 0.107014
9710.00 0.0709239
9712.00 0.0623492
9714.00 0.0898424
9716.00 0.116417
9718.00 0.116986
9720.00 0.105409
9722.00 0.105463
9724.00 0.110097
9726.00 0.114987
9728.00 0.127227
9730.00 0.130277
9732.00 0.115700
9734.00 0.0973118
9736.00 0.0955287
9738.00 0.104571
9740.00 0.108199
9742.00 0.110887
9744.00 0.114766
9746.00 0.122119
9748.00 0.126585
9750.00 0.122048
9752.00 0.112562
9754.00 0.113542
9756.00 0.125775
9758.00 0.127887
9760.00 0.123422
9762.00 0.120080
9764.00 0.119824
9766.00 0.119624
9768.00 0.116218
9770.00 0.110433
9772.00 0.105824
9774.00 0.100324
9776.00 0.0968810
9778.00 0.0972959
9780.00 0.0959634
9782.00 0.0870793
9784.00 0.0749449
9786.00 0.0767161
9788.00 0.0942565
9790.00 0.0995127
9792.00 0.0953848
9794.00 0.0971797
9796.00 0.111050
9798.00 0.126006
9800.00 0.128277
9802.00 0.122837
9804.00 0.115185
9806.00 0.0964883
9808.00 0.0891913
9810.00 0.0933428
9812.00 0.0994518
9814.00 0.103846
9816.00 0.108213
9818.00 0.108429
9820.00 0.103304
9822.00 0.102499
9824.00 0.103154
9826.00 0.105292
9828.00 0.111704
9830.00 0.116817
9832.00 0.111082
9834.00 0.0958903
9836.00 0.0926703
9838.00 0.0982269
9840.00 0.100690
9842.00 0.103990
9844.00 0.103480
9846.00 0.0933264
9848.00 0.0786653
9850.00 0.0782156
9852.00 0.0904656
9854.00 0.0959053
9856.00 0.101106
9858.00 0.103798
9860.00 0.105024
9862.00 0.102630
9864.00 0.0920194
9866.00 0.0732987
9868.00 0.0630903
9870.00 0.0517844
9872.00 0.0529103
9874.00 0.0703661
9876.00 0.0877616
9878.00 0.0964011
9880.00 0.102266
9882.00 0.113875
9884.00 0.137624
9886.00 0.137070
9888.00 0.113910
9890.00 0.0949539
9892.00 0.0800428
9894.00 0.0691598
9896.00 0.0682498
9898.00 0.0768271
9900.00 0.0741453
9902.00 0.0594015
9904.00 0.0570310
9906.00 0.0665805
9908.00 0.0769067
9910.00 0.0844849
9912.00 0.0909019
9914.00 0.0919006
9916.00 0.0864811
9918.00 0.0847798
9920.00 0.0828749
9922.00 0.0833670
9924.00 0.0851822
9926.00 0.0904808
9928.00 0.104674
9930.00 0.127887
9932.00 0.132015
9934.00 0.128110
9936.00 0.110253
9938.00 0.0664299
9940.00 0.0310802
9942.00 0.0199880
9944.00 0.0217347
9946.00 0.0256932
9948.00 0.0436780
9950.00 0.0433629
9952.00 0.0182351
9954.00 0.0164124
9956.00 0.0545255
9958.00 0.0935412
9960.00 0.0890677
9962.00 0.0550406
9964.00 0.0653354
9966.00 0.124334
9968.00 0.138213
9970.00 0.111744
9972.00 0.0850108
9974.00 0.0705198
9976.00 0.0610028
9978.00 0.0619421
9980.00 0.0787184
9982.00 0.0798686
9984.00 0.0678188
9986.00 0.0637222
9988.00 0.0723327
9990.00 0.0812073
9992.00 0.0791206
9994.00 0.0707394
9996.00 0.0616152
9998.00 0.0467715
10000.0 0.0364697
10002.0 0.0268634
10004.0 0.0221056
10006.0 0.0238474
10008.0 0.0308720
10010.0 0.0432110
10012.0 0.0665821
10014.0 0.0757827
10016.0 0.0751691
10018.0 0.0746724
10020.0 0.0708295
10022.0 0.0700466
10024.0 0.0823557
10026.0 0.104558
10028.0 0.110697
10030.0 0.107178
10032.0 0.101488
10034.0 0.0856482
10036.0 0.0763724
10038.0 0.0831615
10040.0 0.0958900
10042.0 0.0953471
10044.0 0.0845032
10046.0 0.0830275
10048.0 0.0877646
10050.0 0.0900859
10052.0 0.0900341
10054.0 0.0888605
10056.0 0.0867772
10058.0 0.0836220
10060.0 0.0810019
10062.0 0.0833890
10064.0 0.0741906
10066.0 0.0495888
10068.0 0.0305871
10070.0 0.0217918
10072.0 0.0209412
10074.0 0.0349296
10076.0 0.0707121
10078.0 0.0825883
10080.0 0.0850297
10082.0 0.0767532
10084.0 0.0429546
10086.0 0.0176045
10088.0 0.0390306
10090.0 0.0913078
10092.0 0.0987503
10094.0 0.0732304
10096.0 0.0605032
10098.0 0.0470736
10100.0 0.0388412
10102.0 0.0375065
10104.0 0.0418244
10106.0 0.0531214
10108.0 0.0765233
10110.0 0.0839525
10112.0 0.0775338
10114.0 0.0772702
10116.0 0.0836251
10118.0 0.0912348
10120.0 0.100237
10122.0 0.110928
10124.0 0.0975898
10126.0 0.0436044
10128.0 0.0338340
10130.0 0.0614006
10132.0 0.0856941
10134.0 0.0983907
10136.0 0.105364
10138.0 0.101262
10140.0 0.0801515
10142.0 0.0838821
10144.0 0.112354
10146.0 0.125950
10148.0 0.129195
10150.0 0.121169
10152.0 0.0922318
10154.0 0.0470279
10156.0 0.0360303
10158.0 0.0405354
10160.0 0.0652128
10162.0 0.133872
10164.0 0.177338
10166.0 0.173498
10168.0 0.147798
10170.0 0.124677
10172.0 0.0828305
10174.0 0.0865251
10176.0 0.143722
10178.0 0.167838
10180.0 0.164166
10182.0 0.143830
10184.0 0.106259
10186.0 0.0521036
10188.0 0.0100658
10190.0 -0.0478609
10192.0 -0.0605806
10194.0 -0.0221833
10196.0 0.00472249
10198.0 0.00308592
10200.0 -0.00693981
10202.0 -0.00794544
10204.0 -0.0109465
10206.0 0.00786615
10208.0 0.0662050
10210.0 0.0858241
10212.0 0.0597634
10214.0 0.0283908
10216.0 0.0130668
10218.0 0.00344892
10220.0 0.0159474
10222.0 0.0687634
10224.0 0.0807803
10226.0 0.0594454
10228.0 0.0473554
10230.0 0.0539410
10232.0 0.0679378
10234.0 0.0832706
10236.0 0.107810
10238.0 0.108143
10240.0 0.0789762
10242.0 0.0697949
10244.0 0.0826529
10246.0 0.0961432
10248.0 0.0956393
10250.0 0.0895305
10252.0 0.0986459
10254.0 0.143353
10256.0 0.129342
10258.0 0.0585371
10260.0 0.00185656
10262.0 -0.0337165
10264.0 -0.0529241
10266.0 -0.0427398
10268.0 -0.00366631
10270.0 0.0329940
10272.0 0.0978244
10274.0 0.125959
10276.0 0.111364
10278.0 0.0922684
10280.0 0.0854798
10282.0 0.0834501
10284.0 0.109889
10286.0 0.193738
10288.0 0.206577
10290.0 0.160337
10292.0 0.127972
10294.0 0.122595
10296.0 0.125833
10298.0 0.128683
10300.0 0.141250
10302.0 0.118457
10304.0 0.0445666
10306.0 0.0147350
10308.0 0.0274491
10310.0 0.0493245
10312.0 0.0670347
10314.0 0.0867771
10316.0 0.0944174
10318.0 0.0945463
10320.0 0.0886812
10322.0 0.0750630
10324.0 0.0574543